RRRiftWithin
Easy
9, 0, 2.965332,
21, 2, 7.413574,
33, 0, 11.86279,
35, 1, 12.59961,
37, 0, 13.34863,
39, 1, 14.08203,
41, 0, 14.81641,
43, 1, 15.56445,
45, 0, 16.30029,
47, 1, 17.04639,
49, 0, 17.78271,
51, 1, 18.52979,
53, 1, 19.26563,
56, 1, 20.37988,
58, 2, 21.1167,
59, 1, 21.49707,
61, 1, 22.23242,
64, 1, 23.34668,
65, 2, 23.71533,
67, 1, 24.44873,
69, 1, 25.19678,
72, 1, 26.29736,
74, 2, 27.04883,
75, 1, 27.41553,
77, 1, 28.16309,
80, 1, 29.26563,
81, 2, 29.64648,
83, 0, 30.3833,
84, 1, 30.74854,
VCS
87, 0, 31.86572,
88, 1, 32.2334,
89, 0, 32.59814,
90, 1, 32.97998,
92, 0, 33.7168,
93, 1, 34.08154,
96, 2, 35.2002,
97, 1, 35.56445,
100, 2, 36.68164,
101, 1, 37.05029,
103, 1, 37.78027,
104, 0, 38.16504,
105, 0, 38.53369,
106, 1, 38.89746,
108, 0, 39.63232,
109, 1, 40.00049,
112, 2, 41.11328,
113, 1, 41.49756,
115, 2, 42.23096,
116, 1, 42.59717,
118, 1, 43.3335,
119, 1, 43.71289,
121, 0, 44.44824,
123, 1, 45.19922,
125, 2, 45.93066,
127, 0, 46.66699,
129, 1, 47.41406,
131, 2, 48.15137,
133, 0, 48.896,
135, 1, 49.63232,
137, 2, 50.37939,
139, 0, 51.11523,
141, 1, 51.86279,
143, 2, 52.59961,
145, 0, 53.34814,
147, 1, 54.08203,
149, 2, 54.81592,
151, 1, 55.56445,
VCS
153, 0, 56.30078,
155, 2, 57.04688,
159, 1, 58.53027,
163, 2, 60.01172,
167, 1, 61.49707,
171, 2, 62.96533,
175, 1, 64.44873,
179, 2, 65.93213,
183, 1, 67.41553,
185, 2, 68.16357,
187, 1, 68.90039,
189, 1, 69.64648,
192, 1, 70.74805,
193, 2, 71.11377,
195, 1, 71.86572,
197, 1, 72.59814,
200, 1, 73.7168,
201, 2, 74.08154,
203, 1, 74.83203,
205, 1, 75.56494,
208, 1, 76.68115,
209, 2, 77.05029,
211, 1, 77.78027,
213, 1, 78.53369,
216, 1, 79.63232,
218, 0, 80.38184,
219, 1, 80.74658,
222, 0, 81.86719,
223, 1, 82.23096,
226, 0, 83.3335,
227, 1, 83.71387,
232, 0, 85.56348,
233, 1, 85.93066,
234, 0, 86.29785,
235, 1, 86.66748,
236, 0, 87.0459,
237, 1, 87.41357,
238, 0, 87.78271,
239, 1, 88.15088,
241, 1, 88.896,
242, 0, 89.26514,
243, 1, 89.63232,
245, 1, 90.37939,
246, 0, 90.74707,
247, 1, 91.11475,
249, 2, 91.86279,
250, 1, 92.22998,
251, 0, 92.59961,
252, 1, 92.96777,
253, 2, 93.34863,
254, 1, 93.71289,
255, 0, 94.08203,
256, 1, 94.44824,
257, 1, 94.81592,
258, 0, 95.1958,
259, 1, 95.56445,
261, 2, 96.30029,
262, 1, 96.68018,
263, 0, 97.04639,
264, 1, 97.41553,
266, 1, 98.14844,
267, 0, 98.52979,
268, 1, 98.89893,
270, 1, 99.63232,
271, 0, 100.0122,
272, 1, 100.3799,
273, 0, 100.7505,
274, 1, 101.1172,
275, 0, 101.4976,
276, 1, 101.8643,
277, 0, 102.2324,
279, 0, 102.9648,
281, 1, 103.7153,
283, 2, 104.4487,
285, 1, 105.1963,
298, 1, 110.0142,
299, 1, 110.3833,
VCS
301, 2, 111.1138,
301, 0, 111.1138,
310, 1, 114.4463,
311, 0, 114.8325,
314, 0, 115.9297,
315, 0, 116.2969,
318, 2, 117.4146,
321, 2, 118.5347,
322, 2, 118.897,
325, 2, 120.0005,
326, 1, 120.3818,
329, 1, 121.4976,
330, 1, 121.8672,
334, 1, 123.3335,
337, 1, 124.4487,
338, 1, 124.8169,
341, 0, 125.9307,
342, 1, 126.2979,
345, 1, 127.4136,
346, 1, 127.7827,
350, 1, 129.2651,
353, 1, 130.3794,
354, 1, 130.7476,
357, 2, 131.8633,
358, 1, 132.2295,
361, 1, 133.3481,
362, 1, 133.7134,
365, 0, 134.8159,
367, 2, 135.5645,
371, 1, 137.0464,
375, 2, 138.5303,
379, 1, 140.0117,
383, 2, 141.4976,
387, 1, 142.9653,
391, 2, 144.4497,
395, 1, 145.9321,
397, 2, 146.6807,
399, 1, 147.415,
401, 1, 148.1626,
404, 1, 149.2656,
405, 2, 149.6465,
VCS
407, 1, 150.3838,
409, 1, 151.1138,
412, 1, 152.2329,
413, 2, 152.5981,
415, 1, 153.3477,
417, 1, 154.0815,
420, 1, 155.2007,
421, 2, 155.5649,
423, 1, 156.2969,
425, 1, 157.0503,
428, 1, 158.165,
430, 0, 158.8975,
431, 1, 159.2632,
434, 0, 160.3818,
435, 1, 160.7466,
438, 0, 161.8672,
439, 1, 162.2305,
444, 0, 164.0786,
445, 1, 164.4487,
446, 0, 164.8174,
447, 1, 165.1992,
448, 0, 165.563,
449, 1, 165.9307,
450, 0, 166.2979,
451, 1, 166.667,
453, 1, 167.4136,
454, 0, 167.7827,
455, 1, 168.1509,
457, 1, 168.896,
458, 0, 169.2651,
459, 1, 169.6328,
461, 2, 170.3794,
462, 1, 170.7476,
463, 0, 171.1147,
464, 1, 171.4829,
465, 2, 171.8628,
466, 1, 172.23,
467, 0, 172.5996,
468, 1, 172.9673,
469, 1, 173.3486,
470, 0, 173.7134,
471, 1, 174.082,
473, 2, 174.8159,
474, 1, 175.1958,
475, 0, 175.5645,
476, 1, 175.9326,
478, 1, 176.6802,
479, 0, 177.0469,
480, 1, 177.4155,
482, 1, 178.1489,
483, 0, 178.5303,
484, 1, 178.8989,
485, 0, 179.2656,
486, 1, 179.6318,
487, 0, 180.0122,
488, 1, 180.3799,
489, 0, 180.7505,
491, 0, 181.4976,
493, 1, 182.2324,
495, 2, 182.9648,
497, 1, 183.7153,
505, 2, 186.6802,
505, 0, 186.6802,
513, 2, 189.6299,
513, 1, 189.6299,
513, 0, 189.6299,
