RRRavevenge
Easy
10, 1, 4.154785,
12, 2, 5.083496,
12, 0, 5.083496,
14, 1, 6.004395,
16, 2, 6.933105,
16, 0, 6.933105,
18, 1, 7.853516,
19, 1, 8.316406,
20, 2, 8.77002,
20, 0, 8.77002,
22, 1, 9.699707,
24, 2, 10.61914,
24, 0, 10.61914,
26, 1, 11.55078,
28, 0, 12.4707,
28, 2, 12.4707,
30, 1, 13.38574,
31, 1, 13.854,
31.5, 1, 14.08594,
32, 2, 14.31885,
32, 0, 14.31885,
34, 2, 15.23438,
34, 0, 15.23438,
35, 2, 15.70264,
35, 0, 15.70264,
37, 0, 16.61865,
39, 2, 17.55176,
41, 1, 18.47021,
42, 1, 18.93701,
43, 1, 19.3999,
43, 0, 19.3999,
43, 2, 19.3999,
53, 0, 24,
55, 2, 24.93848,
57, 1, 25.84961,
58, 1, 26.31885,
58, 2, 26.31885,
58, 0, 26.31885,
59, 2, 26.76953,
59, 1, 26.76953,
59, 0, 26.76953,
61, 1, 27.70117,
63, 1, 28.61963,
65, 1, 29.55469,
69, 1, 31.38623,
70, 1, 31.85107,
71, 1, 32.31689,
72, 2, 32.78613,
72, 0, 32.78613,
73, 1, 33.23633,
73.5, 1, 33.46729,
75, 1, 34.16846,
75.5, 1, 34.38574,
77, 1, 35.08691,
79, 1, 36.00244,
81, 1, 36.93262,
85, 1, 38.78516,
86, 1, 39.23779,
87, 1, 39.70215,
89, 2, 40.61865,
89, 0, 40.61865,
90, 1, 41.0874,
91, 1, 41.5542,
92, 2, 42.00098,
92, 0, 42.00098,
93, 1, 42.46777,
97, 2, 44.32178,
97, 0, 44.32178,
98, 1, 44.78369,
VCS
99, 1, 45.23438,
101, 1, 46.16943,
105, 1, 48.00391,
106, 1, 48.46826,
107, 1, 48.93604,
108, 1, 49.38721,
110, 1, 50.31885,
113, 0, 51.70117,
115, 2, 52.62012,
117, 0, 53.5542,
118, 0, 54.00488,
119, 1, 54.46875,
122, 0, 55.85156,
124, 0, 56.77002,
125, 2, 57.23828,
126, 2, 57.70117,
127, 1, 58.16846,
130, 2, 59.55225,
132, 2, 60.46973,
133, 0, 60.93604,
134, 0, 61.38672,
135, 1, 61.85547,
138, 0, 63.23682,
140, 0, 64.16846,
141, 1, 64.61816,
142, 1, 65.08691,
143, 0, 65.55469,
143, 2, 65.55469,
144, 2, 66.00146,
144, 0, 66.00146,
145, 1, 66.47119,
145.5, 1, 66.70508,
146, 2, 66.93555,
146, 0, 66.93555,
149, 1, 68.3208,
149, 0, 68.3208,
150, 1, 68.77051,
150, 0, 68.77051,
151, 2, 69.23535,
152, 1, 69.70313,
153, 2, 70.17041,
156, 1, 71.55371,
156, 0, 71.55371,
157, 1, 72,
157, 0, 72,
158, 1, 72.47021,
158, 0, 72.47021,
159, 2, 72.9375,
160, 1, 73.38672,
161, 2, 73.85156,
163, 1, 74.77002,
163, 0, 74.77002,
164, 1, 75.23779,
164, 0, 75.23779,
165, 2, 75.70166,
165, 1, 75.70166,
166, 2, 76.15527,
166, 1, 76.15527,
167, 0, 76.62256,
168, 1, 77.0874,
169, 0, 77.55273,
172, 2, 78.93506,
172, 1, 78.93506,
173, 2, 79.38672,
173, 1, 79.38672,
174, 2, 79.85596,
174, 1, 79.85596,
175, 0, 80.31934,
176, 1, 80.78564,
177, 0, 81.23975,
179, 2, 82.17041,
179, 1, 82.17041,
180, 2, 82.62109,
180, 1, 82.62109,
181, 2, 83.08887,
181, 1, 83.08887,
182, 2, 83.55371,
182, 1, 83.55371,
183, 0, 84.00342,
184, 1, 84.47314,
185, 0, 84.93896,
188, 2, 86.31982,
188, 1, 86.31982,
189, 2, 86.78516,
189, 1, 86.78516,
190, 2, 87.2373,
190, 1, 87.2373,
191, 0, 87.70459,
192, 1, 88.16748,
193, 0, 88.62061,
195, 2, 89.53955,
195, 1, 89.53955,
196, 2, 90.00244,
196, 1, 90.00244,
197, 0, 90.46973,
197, 1, 90.46973,
198, 0, 90.93701,
198, 1, 90.93701,
199, 2, 91.38574,
200, 1, 91.85352,
201, 2, 92.32275,
203, 0, 93.23584,
203, 1, 93.23584,
204, 1, 93.70557,
204, 0, 93.70557,
205, 2, 94.17041,
206, 2, 94.61963,
207, 1, 95.08594,
208, 1, 95.53857,
209, 0, 96.00244,
211, 1, 96.9375,
211, 2, 96.9375,
212, 1, 97.39014,
212, 2, 97.39014,
213, 2, 97.85254,
213, 1, 97.85254,
213, 0, 97.85254,
VCS
217, 2, 99.70117,
219, 1, 100.6226,
221, 0, 101.5537,
223, 1, 102.4702,
225, 2, 103.3867,
226, 1, 103.854,
227, 2, 104.3174,
229, 2, 105.2393,
230, 1, 105.7021,
231, 2, 106.1689,
233, 0, 107.0874,
235, 2, 108.0024,
237, 1, 108.938,
238, 2, 109.3857,
239, 2, 109.855,
240, 1, 110.3232,
241, 1, 110.7852,
242, 0, 111.2368,
243, 0, 111.7056,
245, 0, 112.6191,
249, 0, 114.4688,
250, 1, 114.9385,
251, 2, 115.3857,
251, 0, 115.3857,
253, 0, 116.3237,
254, 1, 116.7739,
255, 2, 117.2368,
255, 0, 117.2368,
257, 0, 118.1553,
258, 1, 118.6216,
259, 2, 119.0874,
259, 0, 119.0874,
261, 0, 120.0024,
262, 1, 120.4697,
263, 2, 120.9375,
263, 0, 120.9375,
265, 2, 121.8525,
266, 1, 122.3188,
267, 0, 122.771,
267, 2, 122.771,
269, 2, 123.7026,
270, 1, 124.1558,
271, 1, 124.623,
271, 2, 124.623,
273, 1, 125.5542,
273, 0, 125.5542,
274, 1, 126.0063,
274, 0, 126.0063,
275, 1, 126.4707,
275, 0, 126.4707,
277, 2, 127.3892,
277, 1, 127.3892,
278, 2, 127.8555,
278, 1, 127.8555,
279, 2, 128.3188,
279, 1, 128.3188,
280, 0, 128.77,
282, 0, 129.7056,
284, 2, 130.6211,
286, 2, 131.5527,
288, 0, 132.4736,
290, 0, 133.3862,
292, 2, 134.3228,
294, 2, 135.2383,
297, 1, 136.6201,
298, 1, 137.0894,
299, 0, 137.5405,
299.5, 0, 137.7705,
300, 1, 138.0029,
302, 1, 138.939,
303, 2, 139.3877,
305, 2, 140.3237,
307, 1, 141.2363,
307.5, 1, 141.4717,
308, 0, 141.7056,
308, 2, 141.7056,
309, 1, 142.1563,
310, 2, 142.6211,
310, 0, 142.6211,
312, 1, 143.5391,
VCS
315, 0, 144.9385,
316, 0, 145.3911,
319, 2, 146.771,
320, 2, 147.2368,
323, 1, 148.6245,
324, 2, 149.0884,
325, 2, 149.5547,
326, 0, 150.0063,
327, 0, 150.4727,
328, 1, 150.9355,
329, 2, 151.3892,
329, 0, 151.3892,
332, 2, 152.7705,
332, 0, 152.7705,
333, 0, 153.2407,
333, 2, 153.2407,
336, 0, 154.6216,
336, 2, 154.6216,
337, 2, 155.0889,
337, 0, 155.0889,
339, 1, 156.0039,
341, 0, 156.939,
342, 0, 157.3872,
343, 2, 157.8564,
344, 2, 158.3237,
345, 0, 158.7705,
347, 2, 159.7056,
349, 1, 160.6206,
350, 1, 161.0894,
352, 1, 162.0024,
353, 2, 162.4712,
353, 0, 162.4712,
354, 2, 162.939,
354, 0, 162.939,
355, 1, 163.3877,
356, 1, 163.8535,
357, 1, 164.3232,
358, 1, 164.7739,
VCS
360, 1, 165.7056,
361, 2, 166.1567,
361, 0, 166.1567,
362, 2, 166.6221,
362, 0, 166.6221,
363, 1, 167.0879,
365, 1, 168.0059,
366, 1, 168.4692,
367, 0, 168.9385,
368, 1, 169.3906,
369, 1, 169.855,
370, 1, 170.3203,
371, 0, 170.771,
373, 0, 171.7031,
374, 1, 172.1553,
375, 1, 172.6245,
376, 2, 173.0884,
377, 1, 173.5542,
378, 1, 174.0063,
379, 0, 174.4727,
380, 1, 174.9365,
381, 1, 175.3892,
382, 1, 175.8564,
382, 0, 175.8564,
384, 1, 176.7705,
384, 0, 176.7705,
385, 1, 177.2407,
386, 1, 177.7056,
387, 2, 178.1694,
389, 2, 179.0894,
390, 1, 179.5537,
391, 1, 180.0039,
392, 2, 180.4736,
392, 0, 180.4736,
393, 2, 180.939,
393, 0, 180.939,
395, 1, 181.8569,
395.5, 1, 182.0908,
397, 1, 182.77,
398, 2, 183.2373,
398, 0, 183.2373,
399, 2, 183.7056,
399, 0, 183.7056,
405, 2, 186.4702,
405, 0, 186.4702,
406, 2, 186.939,
406, 0, 186.939,
407, 1, 187.3877,
409, 1, 188.3237,
411, 2, 189.2363,
411, 0, 189.2363,
413, 1, 190.1567,
414, 2, 190.6221,
414, 0, 190.6221,
415, 2, 191.0874,
415, 0, 191.0874,
421, 2, 193.8545,
421, 0, 193.8545,
422, 2, 194.3203,
422, 0, 194.3203,
423, 1, 194.771,
425, 1, 195.7031,
