RRDeepBlues
Hard
9.66667, 0, 4.618164,
10, 2, 4.783203,
10.66667, 2, 5.147461,
11, 1, 5.31543,
11.66667, 1, 5.665039,
12, 0, 5.850586,
12.66667, 0, 6.201172,
13, 2, 6.383789,
13, 1, 6.383789,
14, 0, 6.915039,
14.33333, 1, 7.082031,
14.66667, 2, 7.265625,
15, 0, 7.451172,
15.66667, 1, 7.800781,
17.66667, 1, 8.865234,
18, 0, 9.033203,
18.66667, 0, 9.384766,
19, 1, 9.567383,
19.66667, 1, 9.913086,
20, 2, 10.09863,
20.66667, 2, 10.44922,
21, 1, 10.63281,
21, 0, 10.63281,
22, 0, 11.16699,
22.33333, 0, 11.33301,
22.66667, 0, 11.51367,
23, 2, 11.69824,
23.66667, 1, 12.04883,
26, 0, 13.28125,
26, 2, 13.28125,
26, 1, 13.28125,
27, 0, 13.81543,
27, 1, 13.81543,
28, 0, 14.34961,
29, 1, 14.88086,
31.33333, 0, 16.11621,
31.66666, 0, 16.29688,
32, 0, 16.46484,
32.33333, 1, 16.64844,
32.66667, 2, 16.81641,
33.66667, 0, 17.35059,
35, 2, 18.06445,
35, 1, 18.06445,
35, 0, 18.06445,
36, 0, 18.59961,
36, 2, 18.59961,
36, 1, 18.59961,
37, 0, 19.11719,
37.33333, 0, 19.29883,
37.66667, 0, 19.48145,
38, 2, 19.64844,
38.33333, 2, 19.83105,
38.66667, 2, 20,
39, 0, 20.18359,
39.33333, 0, 20.36621,
39.66667, 0, 20.5332,
40, 2, 20.7168,
41.00018, 0, 21.24805,
41, 1, 21.24805,
42.66667, 1, 22.13281,
43.66667, 0, 22.66406,
44, 1, 22.84863,
44, 2, 22.84863,
VCS
44.66667, 0, 23.19922,
45, 2, 23.36719,
45.66667, 1, 23.7334,
46, 1, 23.90039,
47, 0, 24.43164,
47.66667, 1, 24.7832,
48, 1, 24.9668,
48.66667, 0, 25.31641,
49, 0, 25.5,
49.66667, 1, 25.84766,
50, 1, 26.03125,
50.66667, 1, 26.38281,
51, 2, 26.55078,
51, 0, 26.55078,
51.66667, 2, 26.91699,
51.66667, 0, 26.91699,
53.66667, 0, 27.9668,
54, 1, 28.15039,
54.66667, 0, 28.50098,
55, 1, 28.68359,
55.66667, 0, 29.03125,
56.66667, 0, 29.56641,
57, 1, 29.75,
57.33333, 2, 29.91797,
57.66667, 0, 30.10059,
58, 1, 30.26563,
58.66667, 2, 30.63184,
59, 0, 30.79688,
59.66667, 1, 31.16699,
60, 0, 31.33301,
60.66667, 1, 31.68555,
61, 0, 31.86523,
61.66667, 2, 32.21484,
62.33333, 1, 32.58203,
63, 0, 32.93359,
63.66667, 2, 33.28516,
64, 1, 33.46582,
64.33333, 0, 33.63184,
64.66667, 2, 33.81543,
65, 1, 33.99707,
65.66667, 0, 34.34961,
66, 2, 34.51758,
66.66667, 0, 34.86816,
67, 2, 35.05078,
67.66667, 1, 35.39844,
69, 2, 36.11816,
70, 0, 36.65039,
70.33334, 0, 36.81543,
70.66666, 0, 36.99805,
71.66666, 0, 37.53223,
74, 1, 38.76465,
74.33334, 1, 38.94824,
74.66666, 1, 39.13184,
75.66666, 0, 39.65137,
76, 0, 39.83496,
76.33334, 1, 40,
76.66666, 1, 40.18066,
77, 0, 40.36426,
77.66666, 2, 40.71484,
78, 2, 40.90039,
78.66666, 1, 41.25098,
79, 1, 41.41797,
79.66666, 2, 41.78027,
80, 2, 41.94727,
81.66666, 2, 42.83496,
82, 1, 43.01855,
82.66666, 1, 43.36426,
83, 2, 43.54785,
83.66666, 2, 43.89746,
84, 1, 44.08301,
84.66666, 1, 44.43457,
85.66667, 0, 44.96387,
86, 1, 45.14746,
86.33333, 2, 45.31543,
86.66667, 0, 45.49805,
87, 1, 45.66602,
87.66667, 2, 46.01855,
90, 1, 47.26563,
90, 0, 47.26563,
90, 2, 47.26563,
91, 2, 47.80078,
91, 1, 47.80078,
VCS
92, 2, 48.33008,
93, 0, 48.84961,
93.66667, 1, 49.21875,
94.33333, 2, 49.56641,
95, 1, 49.91406,
95.66667, 0, 50.26563,
96.00001, 0, 50.44922,
96.33334, 0, 50.63281,
96.66667, 1, 50.80078,
97, 2, 50.98535,
97.66667, 0, 51.33301,
97.66667, 1, 51.33301,
98.66667, 2, 51.86523,
99, 0, 52.04883,
99.66667, 2, 52.40137,
100, 0, 52.56836,
101, 1, 53.11328,
102, 1, 53.63379,
103, 1, 54.16797,
105, 1, 55.2334,
105, 2, 55.2334,
107, 0, 56.29688,
108, 0, 56.81738,
108, 1, 56.81738,
109, 2, 57.35059,
109, 1, 57.35059,
109.6667, 2, 57.69922,
109.6667, 1, 57.69922,
110.6667, 1, 58.23145,
111, 2, 58.41699,
111, 0, 58.41699,
111.6667, 2, 58.76563,
111.6667, 0, 58.76563,
112.6667, 2, 59.29883,
113, 1, 59.48145,
113, 0, 59.48145,
117, 0, 61.59961,
117.6667, 0, 61.9502,
118, 1, 62.13379,
119, 0, 62.66504,
119.6667, 0, 63.01465,
120, 1, 63.19922,
121, 2, 63.7334,
121.6667, 2, 64.08301,
122, 1, 64.26367,
123, 0, 64.7832,
123.6667, 1, 65.13477,
124, 0, 65.31641,
124.6667, 1, 65.66602,
125, 2, 65.84766,
126, 1, 66.38281,
126, 2, 66.38281,
128.6667, 2, 67.79883,
129, 0, 67.9668,
129.6667, 2, 68.33496,
130, 1, 68.50098,
130.6667, 2, 68.84961,
131, 0, 69.03125,
132, 2, 69.56641,
132, 1, 69.56641,
133, 0, 70.10059,
133.3333, 0, 70.26563,
133.6667, 0, 70.44922,
134, 2, 70.63184,
134.3333, 1, 70.79688,
134.6667, 0, 70.98242,
135, 2, 71.16699,
135.3333, 2, 71.33301,
135.6667, 2, 71.51855,
136, 0, 71.68555,
136.3333, 1, 71.86523,
136.6667, 2, 72.0498,
137, 0, 72.21484,
137.6667, 0, 72.58203,
138, 2, 72.75,
138.6667, 1, 73.10156,
138.6667, 0, 73.10156,
143.6667, 0, 75.76465,
144, 0, 75.93164,
144.6667, 2, 76.28516,
145, 2, 76.46875,
145.6667, 1, 76.81543,
146.6667, 1, 77.34766,
147.6667, 1, 77.88477,
147.6667, 2, 77.88477,
148.6667, 1, 78.41504,
148.6667, 2, 78.41504,
149.6667, 1, 78.94727,
149.6667, 2, 78.94727,
150.6667, 0, 79.48535,
150.6667, 2, 79.48535,
150.6667, 1, 79.48535,
151.6667, 2, 80.01563,
152, 0, 80.18066,
152.6667, 2, 80.53125,
153, 1, 80.71484,
155, 0, 81.78027,
157, 1, 82.83496,
157, 2, 82.83496,
157.6667, 1, 83.19922,
158, 0, 83.36426,
158.6667, 0, 83.73145,
159, 1, 83.89844,
159.6667, 1, 84.25098,
160.6667, 1, 84.78418,
161, 2, 84.96387,
161, 0, 84.96387,
161.6667, 2, 85.31543,
162.3333, 1, 85.66504,
162.6667, 1, 85.85059,
163, 1, 86.01855,
163.6667, 2, 86.38379,
164, 2, 86.54883,
164.6667, 1, 86.91504,
165, 1, 87.08203,
165.6667, 2, 87.45117,
166.3333, 1, 87.80078,
166.6667, 1, 87.9668,
167, 0, 88.14844,
167.6667, 0, 88.49805,
168.6667, 2, 89.0332,
169, 1, 89.21875,
169.6667, 1, 89.56641,
170, 2, 89.74902,
170.6667, 2, 90.09766,
171, 0, 90.26563,
171.3333, 1, 90.44922,
171.6667, 2, 90.63281,
172, 0, 90.80078,
172.3333, 1, 90.98535,
172.6667, 2, 91.16699,
173, 0, 91.33203,
173.6667, 1, 91.69824,
174, 0, 91.86523,
174.6667, 2, 92.21582,
175, 1, 92.40039,
175.6667, 2, 92.75,
176.6667, 2, 93.28125,
177, 1, 93.46582,
177.6667, 2, 93.81543,
178.6667, 0, 94.34961,
179, 1, 94.51563,
179.6667, 0, 94.88086,
180, 1, 95.04883,
180.3333, 1, 95.2334,
180.6667, 1, 95.39941,
181, 2, 95.58301,
181, 0, 95.58301,
181.6667, 2, 95.93359,
182, 1, 96.11621,
182.6667, 1, 96.46484,
183, 0, 96.64844,
183, 2, 96.64844,
183.6667, 2, 96.99902,
184, 1, 97.18359,
184.6667, 1, 97.53418,
185, 2, 97.69922,
185, 0, 97.69922,
185.6667, 0, 98.06445,
186, 1, 98.23145,
186.6667, 1, 98.59961,
187.3333, 0, 98.95117,
187.6667, 1, 99.11719,
188, 2, 99.29883,
188.3333, 0, 99.48145,
188.6667, 1, 99.64844,
189, 0, 99.83105,
189, 2, 99.83105,
189.6667, 1, 100.1836,
190.3333, 1, 100.5332,
192, 1, 101.4307,
193.6667, 2, 102.3174,
194.3333, 2, 102.6641,
195, 1, 103.0156,
197, 2, 104.083,
197.6667, 1, 104.4316,
198.3333, 1, 104.7832,
199, 0, 105.1348,
199.6667, 0, 105.5,
200.3333, 1, 105.8477,
201, 0, 106.1982,
201, 2, 106.1982,
201, 1, 106.1982,
202, 0, 106.7344,
202, 2, 106.7344,
203, 2, 107.2666,
203, 1, 107.2666,
203, 0, 107.2666,
204, 2, 107.7988,
204, 0, 107.7988,
VCS
205, 2, 108.335,
205.6667, 1, 108.6826,
206, 2, 108.8496,
206.6667, 1, 109.2139,
207, 2, 109.3818,
207.6667, 0, 109.75,
208, 0, 109.918,
208.6667, 1, 110.2656,
209, 1, 110.4492,
209.6667, 2, 110.7969,
210.6667, 2, 111.334,
211.6667, 2, 111.8662,
212.6667, 1, 112.3965,
213, 2, 112.582,
213, 0, 112.582,
215, 0, 113.6318,
215.6667, 1, 113.9971,
216.3333, 2, 114.3506,
217, 0, 114.7012,
219, 2, 115.7646,
221, 2, 116.8154,
221.3333, 1, 116.998,
221.6667, 0, 117.1807,
222, 2, 117.3477,
222.3333, 1, 117.5322,
222.6667, 0, 117.7012,
223, 2, 117.8848,
223.3333, 1, 118.0684,
223.6667, 0, 118.2354,
224, 2, 118.415,
224.3333, 1, 118.5977,
224.6667, 0, 118.7646,
225, 1, 118.9473,
225, 2, 118.9473,
227, 2, 120.0156,
227.6667, 1, 120.3643,
228.3333, 0, 120.7148,
229, 2, 121.0684,
229, 1, 121.0684,
231, 0, 122.1318,
231.6667, 1, 122.4834,
232.3333, 2, 122.835,
233, 0, 123.1992,
235, 2, 124.251,
235, 1, 124.251,
237, 0, 125.3154,
237.6667, 2, 125.665,
238.3333, 2, 126.0186,
239, 1, 126.3838,
240, 1, 126.915,
240, 0, 126.915,
240, 2, 126.915,
241, 2, 127.4512,
241.6667, 0, 127.8008,
242.3333, 0, 128.1484,
243, 1, 128.498,
244, 1, 129.0332,
244, 0, 129.0332,
244, 2, 129.0332,
245, 1, 129.5664,
245.6667, 1, 129.9141,
246.3333, 2, 130.2656,
247, 0, 130.6328,
247, 2, 130.6328,
248, 2, 131.167,
249, 1, 131.6816,
249.3333, 1, 131.8652,
249.6667, 1, 132.0488,
250, 0, 132.2158,
251.6667, 2, 133.1143,
252, 1, 133.2813,
253, 0, 133.8154,
253.3333, 1, 133.9834,
253.6667, 2, 134.168,
254, 0, 134.3496,
254.3333, 1, 134.5156,
254.6667, 2, 134.6973,
255, 0, 134.8809,
255.3333, 0, 135.0488,
255.6667, 0, 135.2334,
256, 2, 135.3994,
256, 1, 135.3994,
257, 2, 135.9336,
257.3333, 1, 136.1162,
257.6667, 0, 136.2969,
258, 2, 136.4648,
258.3333, 1, 136.6484,
258.6667, 0, 136.8164,
259, 2, 136.999,
259.3333, 2, 137.1836,
259.6667, 2, 137.3506,
260, 0, 137.5342,
260, 1, 137.5342,
261, 2, 138.0645,
261.6667, 2, 138.417,
262.3333, 1, 138.7656,
263, 0, 139.1191,
263, 1, 139.1191,
265, 1, 140.1836,
266, 2, 140.7168,
267.0117, 2, 141.248,
267, 0, 141.248,
268, 0, 141.7842,
269, 1, 142.3174,
269.3333, 1, 142.4834,
269.6667, 0, 142.6641,
270, 2, 142.8486,
270.3333, 2, 143.0146,
270.6667, 0, 143.2002,
271, 2, 143.3672,
271.3333, 1, 143.5498,
271.6667, 0, 143.7168,
272, 2, 143.8994,
272.3333, 1, 144.083,
272.6667, 0, 144.248,
273, 2, 144.4316,
273.6667, 2, 144.7832,
274, 1, 144.9668,
274.6667, 0, 145.3174,
274.6667, 2, 145.3174,
281, 1, 148.6826,
