DLCApricot02
Hard
9, 0, 3.005859,
9, 2, 3.005859,
9.5, 0, 3.1875,
10, 0, 3.388672,
10.5, 0, 3.572266,
11, 0, 3.753906,
11, 1, 3.753906,
11.5, 0, 3.951172,
12, 0, 4.136719,
12.5, 0, 4.320313,
13, 0, 4.503906,
16, 1, 5.634766,
17, 0, 6.003906,
17, 2, 6.003906,
17.5, 2, 6.1875,
18, 2, 6.388672,
18.5, 2, 6.570313,
19, 2, 6.755859,
19, 1, 6.755859,
19.5, 2, 6.953125,
20, 2, 7.134766,
20.5, 2, 7.318359,
21, 0, 7.503906,
25, 0, 9.001953,
25, 1, 9.001953,
25.5, 0, 9.1875,
26, 0, 9.388672,
26.5, 0, 9.572266,
27, 0, 9.753906,
27.5, 0, 9.9375,
28, 0, 10.13672,
28.5, 0, 10.31836,
29, 2, 10.50195,
31, 2, 11.25586,
32, 1, 11.63672,
33, 0, 12.00195,
33, 2, 12.00195,
33.5, 2, 12.20117,
34, 2, 12.38672,
34.5, 2, 12.57031,
35, 2, 12.75586,
35.5, 1, 12.9375,
36, 2, 13.13867,
36.5, 1, 13.32031,
37, 2, 13.50195,
38, 0, 13.88672,
39, 2, 14.25391,
40, 0, 14.63867,
41, 1, 15.00195,
41.5, 1, 15.20313,
42, 1, 15.38477,
43, 2, 15.75586,
43.5, 2, 15.93945,
44, 0, 16.13867,
44.5, 0, 16.32031,
45, 1, 16.50391,
45.5, 0, 16.70117,
46, 1, 16.88477,
46.5, 2, 17.06836,
47.5, 0, 17.4375,
48, 1, 17.63867,
48.5, 2, 17.82227,
49, 1, 18.00391,
49, 0, 18.00391,
49.5, 1, 18.20117,
49.5, 0, 18.20117,
50, 1, 18.38477,
50, 0, 18.38477,
50.5, 1, 18.57031,
50.5, 0, 18.57031,
51, 2, 18.75195,
51, 1, 18.75195,
51.5, 2, 18.9375,
51.5, 1, 18.9375,
52, 1, 19.13867,
52, 2, 19.13867,
52.5, 1, 19.32227,
52.5, 2, 19.32227,
VCS
53, 0, 19.50391,
53, 2, 19.50391,
54.5, 1, 20.06836,
54.5, 0, 20.06836,
56, 2, 20.63672,
56.5, 2, 20.82031,
57, 1, 21.00586,
57, 0, 21.00586,
58, 2, 21.38672,
59, 0, 21.75391,
59, 2, 21.75391,
60, 1, 22.13867,
61, 1, 22.50586,
62.5, 0, 23.06836,
64, 2, 23.63672,
65, 1, 24.00391,
65, 2, 24.00391,
65.5, 1, 24.1875,
65.5, 2, 24.1875,
66, 0, 24.38672,
66, 2, 24.38672,
66.5, 0, 24.57031,
66.5, 2, 24.57031,
67, 0, 24.75195,
67, 1, 24.75195,
67.5, 0, 24.95313,
67.5, 1, 24.95313,
68, 2, 25.13477,
68, 1, 25.13477,
68.5, 2, 25.32031,
68.5, 1, 25.32031,
69, 0, 25.50586,
69.5, 1, 25.68945,
70, 0, 25.88867,
70.5, 2, 26.07031,
71.5, 1, 26.45117,
72, 1, 26.63672,
73, 1, 27.00586,
73.5, 0, 27.1875,
74, 1, 27.38867,
74.5, 2, 27.57227,
75.5, 1, 27.95117,
76, 0, 28.13672,
76.5, 2, 28.32031,
77, 0, 28.50391,
77.5, 0, 28.6875,
78, 1, 28.88867,
78.5, 1, 29.07227,
79, 2, 29.25391,
79.5, 2, 29.45313,
80, 1, 29.63477,
80.5, 1, 29.82031,
81, 0, 30.00391,
81.5, 0, 30.1875,
82, 1, 30.38672,
82.5, 1, 30.57031,
83, 2, 30.75586,
83.5, 2, 30.9375,
84, 0, 31.13477,
84.5, 0, 31.31836,
85, 1, 31.50391,
86, 2, 31.88867,
86.5, 0, 32.07227,
87.5, 1, 32.4375,
88.5, 0, 32.81836,
89.5, 1, 33.1875,
90.5, 0, 33.57227,
91, 2, 33.75391,
91.5, 2, 33.9375,
92, 2, 34.13672,
92.5, 2, 34.32031,
93, 1, 34.50391,
94, 2, 34.88672,
94.5, 0, 35.07031,
95.5, 2, 35.43945,
96.5, 1, 35.81836,
97.5, 2, 36.20117,
98.5, 0, 36.57031,
99, 0, 36.75586,
99.5, 0, 36.9375,
100, 0, 37.13672,
100.5, 0, 37.32031,
101, 1, 37.50195,
102, 2, 37.88672,
102.5, 0, 38.07227,
103.5, 1, 38.4375,
104.5, 0, 38.82227,
105.5, 1, 39.20313,
106.5, 0, 39.57031,
107, 2, 39.75586,
107.5, 2, 39.93945,
108, 2, 40.13867,
108.5, 2, 40.32031,
109, 1, 40.50391,
110, 2, 40.88672,
110.5, 0, 41.06836,
111.5, 2, 41.4375,
112.5, 1, 41.82227,
113, 0, 42.00391,
113.5, 0, 42.20117,
114, 0, 42.38477,
114.5, 2, 42.57031,
115, 2, 42.75195,
115.5, 2, 42.93945,
116, 1, 43.13867,
116.5, 1, 43.32227,
VCS
117, 1, 43.50391,
117, 0, 43.50391,
117, 2, 43.50391,
118, 2, 43.88477,
118.75, 0, 44.16992,
119, 1, 44.25195,
119.5, 1, 44.4375,
120, 2, 44.63672,
121, 1, 45.00586,
121, 2, 45.00586,
121, 0, 45.00586,
122, 0, 45.38672,
122.75, 2, 45.66992,
123, 1, 45.75195,
123.5, 1, 45.95117,
124, 0, 46.13867,
125, 1, 46.50586,
125, 0, 46.50586,
125, 2, 46.50586,
126, 2, 46.88672,
126.75, 0, 47.16797,
127, 1, 47.25,
127.5, 1, 47.45313,
128, 2, 47.63867,
129, 1, 48.00391,
129, 0, 48.00391,
129, 2, 48.00391,
130, 0, 48.38672,
130.75, 2, 48.66992,
131, 1, 48.75195,
131.5, 1, 48.95313,
132, 2, 49.13672,
132.5, 2, 49.32031,
133, 2, 49.50586,
133, 0, 49.50586,
134, 0, 49.875,
134.75, 2, 50.16992,
135, 1, 50.25195,
135.5, 1, 50.45117,
136, 1, 50.63672,
136, 0, 50.63672,
137, 0, 51.00391,
137, 2, 51.00391,
138, 2, 51.38867,
138.75, 0, 51.66992,
139, 1, 51.75391,
139.5, 1, 51.95117,
140, 1, 52.13672,
140, 2, 52.13672,
141, 2, 52.50195,
141.5, 1, 52.68945,
141.5, 0, 52.68945,
142.5, 2, 53.07227,
143, 2, 53.25391,
143.5, 0, 53.45313,
144, 2, 53.63477,
144.5, 0, 53.81836,
145, 2, 54.00391,
145.5, 2, 54.1875,
146, 1, 54.38867,
146.5, 1, 54.57031,
147, 2, 54.75586,
147.5, 0, 54.9375,
148, 2, 55.13477,
148.5, 0, 55.31836,
149, 1, 55.50391,
149, 2, 55.50391,
149, 0, 55.50391,
150, 1, 55.88867,
150, 2, 55.88867,
150.75, 0, 56.17188,
151, 1, 56.25586,
151.5, 1, 56.4375,
152, 2, 56.63477,
153, 0, 57.00195,
153, 1, 57.00195,
153, 2, 57.00195,
154, 0, 57.38867,
154, 1, 57.38867,
154.75, 2, 57.65625,
155, 1, 57.75391,
155.5, 1, 57.9375,
156, 0, 58.13672,
157, 2, 58.50195,
157, 1, 58.50195,
157, 0, 58.50195,
158, 2, 58.88672,
158, 1, 58.88672,
158.75, 0, 59.15625,
159, 1, 59.25586,
159.5, 1, 59.4375,
160, 2, 59.63672,
161, 0, 60.00195,
161, 1, 60.00195,
161, 2, 60.00195,
162, 0, 60.38672,
162, 1, 60.38672,
162.75, 2, 60.66992,
163, 1, 60.75586,
163.5, 1, 60.9375,
164, 2, 61.13672,
164, 0, 61.13672,
164.5, 1, 61.32031,
165, 0, 61.50195,
165, 2, 61.50195,
166, 1, 61.88672,
166, 2, 61.88672,
166.75, 0, 62.15625,
167, 1, 62.25391,
167.5, 1, 62.43945,
168, 1, 62.63867,
168, 2, 62.63867,
169, 0, 63.00195,
169, 2, 63.00195,
170, 1, 63.38477,
170, 0, 63.38477,
170.75, 2, 63.67188,
171, 1, 63.75586,
171.5, 1, 63.93945,
172, 1, 64.13867,
172, 0, 64.13867,
VCS
173, 0, 64.50391,
173, 1, 64.50391,
173, 2, 64.50391,
174, 2, 64.88477,
174, 1, 64.88477,
174, 0, 64.88477,
175, 2, 65.25391,
175.5, 2, 65.4375,
176, 0, 65.63867,
176.5, 0, 65.82227,
176.5, 2, 65.82227,
176.5, 1, 65.82227,
177.5, 0, 66.20117,
178, 0, 66.38477,
178.5, 1, 66.57031,
179, 2, 66.75195,
179.5, 2, 66.93945,
181, 0, 67.50391,
182, 0, 67.88477,
183, 0, 68.25195,
184, 0, 68.63672,
185, 0, 69.00586,
186, 0, 69.38672,
187, 0, 69.75391,
188, 0, 70.13867,
189, 2, 70.50586,
190, 2, 70.88672,
191, 2, 71.25195,
192, 2, 71.63672,
193, 2, 72.00391,
194, 2, 72.38672,
195, 2, 72.75195,
196, 2, 73.13477,
197, 1, 73.50586,
198, 0, 73.88867,
199, 1, 74.25195,
200, 2, 74.63672,
201, 1, 75.00391,
202, 0, 75.38867,
203, 1, 75.75391,
204, 2, 76.13477,
205, 1, 76.50391,
206, 2, 76.88867,
207, 1, 77.25195,
208, 0, 77.63477,
209, 1, 78.00391,
210, 2, 78.38867,
211, 1, 78.75391,
212, 0, 79.13477,
213, 2, 79.50391,
213, 1, 79.50391,
216.5, 0, 80.81836,
217, 2, 81.00195,
217, 1, 81.00195,
218, 2, 81.38867,
219, 2, 81.75391,
219, 0, 81.75391,
220, 2, 82.13672,
221, 1, 82.50195,
221, 2, 82.50195,
225, 2, 84.00195,
225, 1, 84.00195,
226, 1, 84.38867,
227, 1, 84.75586,
227, 0, 84.75586,
228, 1, 85.13672,
229, 0, 85.50195,
231, 1, 86.25391,
233, 0, 87.00195,
233, 2, 87.00195,
234, 0, 87.38477,
235, 1, 87.75586,
235, 0, 87.75586,
236, 0, 88.13867,
241, 2, 90.00391,
241, 0, 90.00391,
242, 2, 90.38477,
243, 2, 90.75195,
244, 2, 91.13867,
245, 1, 91.50391,
245, 0, 91.50391,
246, 0, 91.88477,
247, 0, 92.25195,
247.5, 0, 92.4375,
248.5, 1, 92.82031,
248.5, 0, 92.82031,
249.5, 1, 93.1875,
250.5, 1, 93.56836,
251, 1, 93.75195,
251.5, 1, 93.95117,
252, 2, 94.13867,
252.5, 2, 94.32227,
253, 1, 94.50781,
253, 2, 94.50781,
253, 0, 94.50781,
254, 0, 94.88672,
255, 0, 95.25195,
255.5, 0, 95.45313,
256.5, 1, 95.82227,
256.5, 2, 95.82227,
257.5, 2, 96.1875,
258.5, 2, 96.57031,
259, 0, 96.75195,
259, 1, 96.75195,
259.5, 0, 96.95313,
259.5, 1, 96.95313,
260, 1, 97.13477,
260, 2, 97.13477,
260.5, 1, 97.32617,
260.5, 2, 97.32617,
261, 2, 97.50391,
261, 1, 97.50391,
261, 0, 97.50391,
VCS
262.5, 0, 98.07031,
263.5, 2, 98.45117,
265.5, 1, 99.1875,
266.5, 1, 99.57227,
267, 1, 99.75391,
267.5, 1, 99.95117,
268, 0, 100.1367,
268.5, 0, 100.3203,
269, 2, 100.5039,
269.5, 0, 100.6875,
270, 1, 100.8887,
271, 2, 101.2539,
271.5, 0, 101.4531,
272, 1, 101.6348,
272.5, 0, 101.8203,
273.5, 0, 102.1875,
274, 2, 102.3887,
274.5, 0, 102.5703,
275, 2, 102.7559,
275.5, 0, 102.9375,
276, 2, 103.1348,
276.5, 0, 103.3184,
277, 1, 103.5039,
277, 2, 103.5039,
278, 2, 103.8887,
279, 2, 104.2559,
279, 1, 104.2559,
279.5, 2, 104.4375,
279.5, 1, 104.4375,
280.5, 0, 104.8184,
281.5, 0, 105.1875,
282.5, 0, 105.5723,
283, 1, 105.7539,
283.5, 1, 105.9375,
284, 0, 106.1367,
284, 2, 106.1367,
284.5, 0, 106.3184,
284.5, 2, 106.3184,
285, 1, 106.502,
285, 0, 106.502,
286, 0, 106.8867,
287, 0, 107.2559,
287, 1, 107.2559,
287.5, 0, 107.4395,
287.5, 1, 107.4395,
288.5, 2, 107.8184,
289.5, 2, 108.2031,
290.5, 2, 108.5723,
291, 1, 108.7559,
291.5, 1, 108.9395,
292, 0, 109.1367,
292, 2, 109.1367,
292.5, 0, 109.3203,
292.5, 2, 109.3203,
293, 2, 109.502,
293, 1, 109.502,
293, 0, 109.502,
294.5, 2, 110.0703,
295.5, 0, 110.4395,
297.5, 1, 111.2031,
298.5, 1, 111.5703,
299, 1, 111.7559,
299.5, 1, 111.9395,
300, 2, 112.1387,
300.5, 2, 112.3203,
301, 1, 112.5039,
302, 1, 112.8848,
303, 1, 113.2539,
303.5, 1, 113.4375,
304.5, 0, 113.8223,
305.5, 0, 114.2012,
306.5, 0, 114.5703,
307, 2, 114.752,
307, 1, 114.752,
307.5, 2, 114.9395,
307.5, 1, 114.9395,
308, 2, 115.1387,
308, 0, 115.1387,
308.5, 2, 115.3223,
308.5, 0, 115.3223,
VCS
309, 1, 115.5039,
309, 2, 115.5039,
309, 0, 115.5039,
317, 2, 118.5059,
317, 1, 118.5059,
321, 2, 120.0039,
321, 0, 120.0039,
325, 1, 121.5059,
325, 0, 121.5059,
329, 1, 123.0039,
329, 2, 123.0039,
329, 0, 123.0039,
333, 0, 124.5039,
333, 2, 124.5039,
337, 0, 126.0039,
337, 1, 126.0039,
341, 0, 127.5039,
342.5, 1, 128.0723,
343.5, 1, 128.4375,
344.5, 1, 128.8184,
345.5, 1, 129.1875,
346, 1, 129.3887,
346.5, 1, 129.5723,
347, 0, 129.7539,
347.5, 2, 129.9375,
348, 0, 130.1367,
348.5, 2, 130.3184,
349, 0, 130.502,
349.5, 2, 130.7031,
350, 0, 130.8867,
350.5, 0, 131.0703,
351, 1, 131.2559,
351.5, 1, 131.4395,
352, 2, 131.6367,
352.5, 2, 131.8184,
353, 2, 132.002,
353.5, 1, 132.2012,
354, 1, 132.3887,
354.5, 0, 132.5723,
355, 0, 132.7559,
355.5, 1, 132.9375,
356, 2, 133.1387,
356.5, 0, 133.3203,
357, 1, 133.502,
357.5, 2, 133.7031,
358, 1, 133.8867,
358.5, 0, 134.0723,
359, 1, 134.2539,
359.5, 2, 134.4375,
360, 1, 134.6387,
360.5, 0, 134.8203,
361, 1, 135.002,
361.5, 0, 135.2012,
362, 1, 135.3848,
362.5, 2, 135.5703,
363, 0, 135.7559,
363.5, 0, 135.9395,
364, 2, 136.1387,
364.5, 2, 136.3203,
365, 0, 136.5039,
365.5, 1, 136.7012,
366, 2, 136.8848,
366.5, 0, 137.0684,
367, 1, 137.2539,
367.5, 0, 137.4375,
368, 1, 137.6387,
368.5, 2, 137.8223,
369, 1, 138.0039,
369.5, 0, 138.2012,
370, 1, 138.3848,
370.5, 2, 138.5684,
371, 1, 138.752,
371.5, 2, 138.9375,
372, 1, 139.1387,
372.5, 0, 139.3223,
373, 2, 139.5039,
374.5, 0, 140.0684,
376, 2, 140.6367,
377, 1, 141.0059,
378, 2, 141.3867,
379, 1, 141.7539,
379.5, 0, 141.9531,
381, 2, 142.5059,
382, 0, 142.8867,
382.5, 2, 143.0684,
383.5, 1, 143.4531,
385, 0, 144.0039,
385.5, 1, 144.1895,
386, 2, 144.3867,
386.5, 1, 144.5703,
387, 0, 144.752,
387.5, 1, 144.9531,
388, 2, 145.1348,
388.5, 0, 145.3203,
389, 2, 145.5059,
390.5, 0, 146.0703,
392, 1, 146.6367,
393, 2, 147.0039,
394.5, 0, 147.5723,
396, 2, 148.1348,
397, 1, 148.5039,
397.5, 2, 148.6875,
398, 1, 148.8887,
398.5, 0, 149.0723,
399, 1, 149.252,
399.5, 2, 149.4531,
400, 1, 149.6348,
400.5, 0, 149.8203,
401, 2, 150.0039,
401.5, 2, 150.1875,
402, 0, 150.3887,
402.5, 0, 150.5703,
403, 1, 150.7539,
403.5, 1, 150.9375,
404, 2, 151.1348,
404.5, 2, 151.3184,
405, 0, 151.5039,
407, 1, 152.2559,
409, 2, 153.002,
409, 0, 153.002,
409.5, 0, 153.1875,
410, 0, 153.3887,
410.5, 0, 153.5723,
411, 0, 153.7539,
411, 1, 153.7539,
411.5, 0, 153.9375,
412, 0, 154.1367,
412.5, 0, 154.3184,
413, 0, 154.502,
416, 1, 155.6367,
417, 2, 156.002,
417, 0, 156.002,
417.5, 2, 156.2012,
418, 2, 156.3887,
418.5, 2, 156.5703,
419, 2, 156.7559,
419, 1, 156.7559,
419.5, 2, 156.9375,
420, 2, 157.1387,
420.5, 2, 157.3203,
421, 0, 157.502,
425, 1, 159.002,
425, 0, 159.002,
425.5, 0, 159.2012,
426, 0, 159.3848,
426.5, 0, 159.5703,
427, 0, 159.7559,
427.5, 0, 159.9395,
428, 0, 160.1387,
428.5, 0, 160.3203,
429, 1, 160.5039,
429.5, 2, 160.7012,
430, 2, 160.8848,
430.5, 2, 161.0684,
431, 2, 161.2539,
432, 1, 161.6387,
433, 0, 162.0039,
