RRBaboosh
Easy
13, 1, 4.151855,
17, 0, 5.520508,
25, 2, 8.285156,
38, 1, 12.76807,
38, 0, 12.76807,
40, 1, 13.45361,
40, 0, 13.45361,
42, 1, 14.15039,
42, 0, 14.15039,
44, 1, 14.83594,
44, 0, 14.83594,
46, 0, 15.5332,
46, 1, 15.5332,
48, 1, 16.21875,
48, 0, 16.21875,
52, 2, 17.60059,
52, 1, 17.60059,
52, 0, 17.60059,
54, 2, 18.28662,
54, 1, 18.28662,
56, 2, 18.9668,
56, 1, 18.9668,
58, 2, 19.66895,
58, 1, 19.66895,
60, 1, 20.3501,
60, 2, 20.3501,
62, 2, 21.03613,
62, 1, 21.03613,
65, 0, 22.08301,
66, 0, 22.41748,
67, 0, 22.771,
69, 2, 23.44971,
69, 0, 23.44971,
72, 1, 24.48682,
75, 1, 25.53418,
77, 2, 26.21875,
80, 1, 27.25244,
VCS
85, 0, 28.96875,
85, 2, 28.96875,
88, 1, 30.01563,
91, 0, 31.03662,
93, 1, 31.73389,
96, 0, 32.76807,
99, 1, 33.80371,
100, 1, 34.15381,
101, 1, 34.48535,
105, 1, 35.87061,
109, 2, 37.25195,
113, 1, 38.63574,
117, 1, 40.00049,
118, 2, 40.354,
118, 1, 40.354,
121, 1, 41.38379,
122, 2, 41.73486,
122, 1, 41.73486,
125, 1, 42.76709,
126, 0, 43.11719,
126, 1, 43.11719,
129, 1, 44.15186,
130, 0, 44.49951,
130, 1, 44.49951,
133, 0, 45.52051,
137, 2, 46.90381,
139, 2, 47.59912,
141, 1, 48.28467,
147, 1, 50.35156,
148, 1, 50.70068,
149, 0, 51.0498,
152, 1, 52.06934,
156, 2, 53.45361,
158, 1, 54.1499,
161, 1, 55.18555,
162, 1, 55.5332,
166, 1, 56.90088,
167, 1, 57.25,
168, 1, 57.60059,
170, 0, 58.28662,
171, 0, 58.63477,
172, 0, 58.9668,
174, 1, 59.66895,
175, 1, 60.00293,
176, 1, 60.3501,
178, 2, 61.03613,
179, 2, 61.38623,
180, 2, 61.73535,
181, 2, 62.08252,
181, 0, 62.08252,
182, 1, 62.41748,
183, 1, 62.771,
184, 2, 63.104,
186, 1, 63.80078,
187, 1, 64.15137,
188, 2, 64.48633,
190, 1, 65.18262,
191, 1, 65.53418,
192, 2, 65.86963,
193, 2, 66.21875,
193, 1, 66.21875,
193, 0, 66.21875,
195, 2, 66.8999,
195, 1, 66.8999,
195, 0, 66.8999,
198, 1, 67.93652,
199, 1, 68.28369,
200, 1, 68.6333,
200, 0, 68.6333,
202, 1, 69.32031,
203, 1, 69.66943,
204, 0, 70.01563,
204, 1, 70.01563,
206, 1, 70.70166,
207, 1, 71.03662,
208, 1, 71.38428,
208, 0, 71.38428,
210, 1, 72.08545,
211, 1, 72.42041,
212, 0, 72.76807,
212, 1, 72.76807,
VCS
213, 0, 73.11719,
217, 1, 74.48535,
221, 2, 75.87158,
225, 0, 77.25195,
229, 1, 78.63623,
231, 1, 79.31738,
233, 1, 80.00049,
234, 1, 80.354,
235, 1, 80.70459,
237, 0, 81.38379,
239, 2, 82.08643,
241, 0, 82.76709,
242, 0, 83.1167,
243, 2, 83.45264,
244, 2, 83.80225,
247, 1, 84.83594,
249, 1, 85.52051,
251, 0, 86.21729,
253, 2, 86.90381,
255, 1, 87.59912,
257, 2, 88.28516,
258, 2, 88.63672,
259, 2, 88.96875,
263, 1, 90.35156,
264, 1, 90.70068,
265, 1, 91.0498,
267, 0, 91.7373,
269, 1, 92.41602,
270, 1, 92.76758,
272, 0, 93.45361,
273, 0, 93.80127,
274, 0, 94.1499,
275, 1, 94.48535,
276, 1, 94.83594,
279, 1, 95.86768,
281, 1, 96.5542,
283, 2, 97.25,
283, 0, 97.25,
285, 2, 97.93652,
287, 0, 98.63428,
289, 2, 99.31885,
289, 0, 99.31885,
291, 0, 100.0029,
291, 2, 100.0029,
291, 1, 100.0029,
292, 1, 100.3501,
294, 2, 101.0361,
297, 1, 102.0825,
300, 0, 103.104,
303, 0, 104.1514,
303, 1, 104.1514,
303, 2, 104.1514,
304, 2, 104.4863,
304, 1, 104.4863,
304, 0, 104.4863,
306, 1, 105.1821,
VCS
309, 1, 106.2188,
326, 0, 112.0854,
327, 1, 112.4204,
328, 1, 112.7681,
329, 0, 113.1172,
330, 1, 113.4502,
331, 1, 113.8032,
334, 2, 114.833,
335, 1, 115.1836,
336, 1, 115.5186,
337, 2, 115.8706,
338, 1, 116.2183,
339, 1, 116.5669,
342, 0, 117.603,
343, 1, 117.9331,
344, 1, 118.2842,
345, 0, 118.6362,
346, 1, 118.9712,
347, 1, 119.3174,
350, 2, 120.3535,
351, 1, 120.7041,
352, 1, 121.0498,
353, 2, 121.3838,
354, 1, 121.7349,
355, 1, 122.0864,
357, 1, 122.7666,
360, 0, 123.8022,
365, 1, 125.5205,
366, 1, 125.8667,
367, 1, 126.2173,
VCS
369, 1, 126.9043,
373, 1, 128.2847,
377, 2, 129.6689,
381, 1, 131.0498,
385, 1, 132.4146,
386, 2, 132.7681,
386, 1, 132.7681,
389, 1, 133.8018,
390, 2, 134.1499,
390, 1, 134.1499,
393, 1, 135.1855,
394, 2, 135.5332,
394, 1, 135.5332,
396, 1, 136.2192,
397, 2, 136.5542,
397, 1, 136.5542,
401, 1, 137.9365,
401, 0, 137.9365,
401, 2, 137.9365,
402, 1, 138.2866,
403, 1, 138.6343,
404, 1, 138.9668,
406, 1, 139.6689,
407, 1, 140.0029,
408, 1, 140.3501,
410, 1, 141.0361,
411, 1, 141.3862,
412, 1, 141.7349,
414, 1, 142.4175,
415, 1, 142.7705,
416, 1, 143.104,
417, 2, 143.4497,
417, 0, 143.4497,
418, 1, 143.8013,
419, 1, 144.1514,
420, 0, 144.4863,
422, 1, 145.1826,
423, 1, 145.5342,
424, 0, 145.8696,
426, 1, 146.5518,
427, 1, 146.8999,
428, 1, 147.2524,
429, 2, 147.5869,
429, 1, 147.5869,
429, 0, 147.5869,
431, 1, 148.2837,
434, 1, 149.3208,
435, 1, 149.6689,
436, 2, 150.0156,
436, 1, 150.0156,
438, 1, 150.7012,
439, 1, 151.0366,
440, 1, 151.3843,
442, 1, 152.0854,
443, 1, 152.4204,
444, 2, 152.7686,
444, 1, 152.7686,
446, 1, 153.4502,
447, 1, 153.8032,
448, 1, 154.1543,
449, 1, 154.4849,
457, 0, 157.252,
461, 2, 158.6362,
465, 1, 160.0005,
467, 1, 160.7041,
469, 1, 161.3838,
472, 1, 162.4194,
473, 1, 162.7666,
475, 1, 163.4531,
477, 2, 164.1519,
477, 1, 164.1519,
477, 0, 164.1519,
480, 2, 165.187,
480, 1, 165.187,
480, 0, 165.187,
481, 2, 165.5205,
481, 1, 165.5205,
481, 0, 165.5205,
483, 1, 166.2173,
483, 0, 166.2173,
483, 2, 166.2173,
485, 2, 166.9043,
485, 1, 166.9043,
485, 0, 166.9043,
488, 2, 167.9341,
488, 1, 167.9341,
488, 0, 167.9341,
489, 2, 168.2852,
489, 1, 168.2852,
489, 0, 168.2852,
497, 0, 171.0498,
501, 1, 172.4155,
505, 2, 173.8018,
511, 1, 175.8677,
513, 0, 176.5542,
513, 2, 176.5542,
513, 1, 176.5542,
