RRProgenitor
Easy
9, 1, 4.800293,
11, 1, 6.015503,
13, 0, 7.20105,
15, 1, 8.403442,
17, 2, 9.60022,
19, 1, 10.81567,
21, 2, 12.00085,
23, 1, 13.20325,
25, 2, 14.40015,
27, 1, 15.61572,
28, 1, 16.20276,
30, 0, 17.40015,
31, 1, 18.0033,
32, 0, 18.61572,
33, 1, 19.2002,
34, 2, 19.80054,
35, 1, 20.41553,
38, 2, 22.21692,
39, 1, 22.80359,
40, 2, 23.41602,
41, 1, 24.00012,
42, 0, 24.60059,
43, 1, 25.2157,
VCS
46, 0, 27.00024,
47, 1, 27.60327,
48, 0, 28.21594,
49, 1, 28.80042,
50, 2, 29.40051,
51, 1, 30.0155,
53, 0, 31.20093,
54, 1, 31.80017,
56, 2, 33.01599,
57, 1, 33.60022,
59, 1, 34.81543,
60, 0, 35.40295,
61, 1, 36.00122,
62, 0, 36.6001,
64, 2, 37.8158,
66, 1, 39.00061,
68, 0, 40.20276,
69, 2, 40.80103,
71, 1, 42.0033,
74, 0, 43.80078,
76, 1, 45.00269,
78, 2, 46.20007,
80, 0, 47.41589,
82, 1, 48.60059,
84, 2, 49.80286,
85, 0, 50.401,
87, 1, 51.60327,
89, 2, 52.80017,
91, 1, 54.01599,
93, 2, 55.20044,
95, 1, 56.40332,
97, 0, 57.6001,
99, 1, 58.81555,
101, 0, 60.00098,
103, 1, 61.20325,
105, 0, 62.40039,
107, 1, 63.6156,
108, 1, 64.20288,
110, 2, 65.40015,
111, 1, 66.00317,
112, 2, 66.61597,
113, 1, 67.20007,
114, 0, 67.80066,
115, 1, 68.41553,
118, 0, 70.2002,
119, 1, 70.80322,
120, 0, 71.41602,
121, 1, 72.01746,
122, 2, 72.60168,
123, 1, 73.21509,
126, 2, 75.01697,
127, 1, 75.60327,
128, 2, 76.21619,
129, 1, 76.80017,
130, 0, 77.40051,
131, 1, 78.0155,
133, 2, 79.20093,
134, 1, 79.80005,
136, 0, 81.01575,
137, 1, 81.6001,
139, 1, 82.81555,
140, 0, 83.40271,
141, 1, 84.00098,
VCS
142, 2, 84.6001,
144, 0, 85.81592,
146, 1, 87.00037,
148, 2, 88.20288,
149, 0, 88.8009,
151, 1, 90.00317,
154, 2, 91.80054,
156, 1, 93.00281,
158, 0, 94.20007,
160, 2, 95.41602,
162, 1, 96.60046,
164, 0, 97.80286,
165, 2, 98.40088,
167, 1, 99.60327,
169, 0, 100.8,
171, 1, 102.0156,
173, 0, 103.2009,
173, 2, 103.2009,
175, 1, 104.4032,
177, 2, 105.6002,
178, 2, 106.2004,
179, 0, 106.8156,
180, 0, 107.4028,
181, 2, 108.001,
183, 1, 109.2032,
185, 0, 110.4003,
187, 1, 111.6156,
189, 2, 112.8009,
189, 0, 112.8009,
191, 1, 114.0034,
192, 0, 114.616,
193, 1, 115.2003,
195, 1, 116.4156,
196, 2, 117.0028,
197, 1, 117.601,
201, 1, 120.0001,
202, 1, 120.6005,
205, 0, 122.4016,
207, 0, 123.6031,
209, 2, 124.8,
211, 2, 126.0156,
213, 0, 127.2009,
215, 0, 128.4033,
217, 2, 129.6001,
219, 2, 130.8156,
221, 0, 132.001,
221.5, 0, 132.3156,
VCS
225, 1, 134.4001,
225.5, 1, 134.7008,
229, 1, 136.801,
229.5, 1, 137.1157,
233, 1, 139.2001,
233.5, 1, 139.5009,
236, 2, 141.0028,
236.5, 2, 141.3027,
239, 0, 142.8031,
241, 1, 144.0001,
241.5, 1, 144.3008,
243, 0, 145.2155,
245, 1, 146.4011,
245.5, 1, 146.7159,
247, 0, 147.6031,
249, 1, 148.8,
249.5, 1, 149.1008,
251, 0, 150.0156,
253, 1, 151.2009,
253.5, 1, 151.5157,
255, 0, 152.4032,
257, 1, 153.6002,
257.5, 1, 153.9008,
259, 0, 154.8157,
261, 1, 156.001,
261.5, 1, 156.3157,
263, 0, 157.2032,
265, 1, 158.4005,
265.5, 1, 158.7008,
267, 0, 159.6156,
269, 1, 160.8009,
273, 0, 163.2001,
275, 0, 164.4159,
276, 2, 165.0028,
277, 1, 165.601,
281, 0, 168.0004,
284, 2, 169.8029,
285, 1, 170.4009,
289, 0, 172.8002,
291, 0, 174.0155,
292, 2, 174.6028,
293, 1, 175.2009,
297, 0, 177.6002,
298, 0, 178.2007,
301, 1, 180.001,
302, 1, 180.6001,
305, 2, 182.4,
307, 2, 183.6155,
309, 1, 184.8009,
310, 1, 185.4,
VCS
313, 0, 187.2001,
315, 2, 188.4155,
317, 1, 189.601,
319, 1, 190.8032,
321, 2, 192.0001,
323, 1, 193.2157,
325, 0, 194.401,
327, 1, 195.6031,
329, 2, 196.8003,
331, 0, 198.0157,
332, 0, 198.6028,
333, 1, 199.2009,
334, 1, 199.8,
335, 2, 200.4032,
336, 2, 201.016,
338, 0, 202.2004,
339, 0, 202.8157,
341, 1, 204.0009,
343, 2, 205.2031,
345, 1, 206.4001,
347, 2, 207.6157,
347, 0, 207.6157,
349, 1, 208.8009,
351, 2, 210.0033,
353, 1, 211.2001,
355, 2, 212.4155,
357, 1, 213.601,
359, 2, 214.8032,
361, 1, 216.0001,
363, 0, 217.2156,
364, 1, 217.8029,
365, 2, 218.4009,
367, 1, 219.6033,
369, 2, 220.8004,
371, 1, 222.0155,
373, 2, 223.2008,
375, 1, 224.4032,
377, 2, 225.6001,
379, 1, 226.8157,
380, 1, 227.4028,
382, 2, 228.6002,
383, 2, 229.2031,
385, 0, 230.4001,
387, 1, 231.6156,
389, 0, 232.8009,
390, 0, 233.4001,
392, 1, 234.6158,
394, 2, 235.8007,
396, 1, 237.0031,
397, 1, 237.601,
