RRHangTenHeph
Impossible
9, 0, 3.186035,
10, 2, 3.587158,
11, 0, 3.973633,
12, 2, 4.371582,
12.5, 1, 4.572021,
13, 0, 4.77002,
13.5, 0, 4.969482,
14, 2, 5.170654,
14.5, 2, 5.37085,
15, 0, 5.57373,
15.5, 0, 5.77417,
16, 2, 5.971191,
16.5, 2, 6.171631,
17, 0, 6.370117,
17.5, 0, 6.569824,
18, 2, 6.770752,
18.5, 2, 6.954102,
19, 0, 7.155762,
19.5, 0, 7.356445,
20, 2, 7.55542,
20.5, 2, 7.75415,
21, 1, 7.952637,
21, 0, 7.952637,
23.5, 0, 8.94043,
23.5, 1, 8.94043,
24, 0, 9.140137,
24.5, 0, 9.354248,
25, 2, 9.537109,
25.5, 2, 9.736816,
26, 0, 9.936279,
26.5, 0, 10.13867,
27, 2, 10.33838,
27.5, 2, 10.54028,
28, 0, 10.73999,
28.5, 0, 10.93701,
29, 2, 11.13721,
29, 1, 11.13721,
29.5, 2, 11.33667,
30, 1, 11.53638,
30, 0, 11.53638,
30.5, 0, 11.73877,
31, 1, 11.9209,
31, 2, 11.9209,
31.5, 2, 12.12354,
32, 1, 12.32324,
32, 0, 12.32324,
32.5, 0, 12.52026,
33, 2, 12.72021,
34, 0, 13.12012,
35, 2, 13.52075,
36, 0, 13.92334,
37, 2, 14.32056,
38, 0, 14.70386,
39, 2, 15.10474,
40, 0, 15.50635,
40.5, 1, 15.70483,
41, 2, 15.90356,
41.5, 2, 16.10229,
42, 0, 16.30396,
42.5, 0, 16.50537,
43, 2, 16.68896,
43.5, 2, 16.88843,
44, 0, 17.09033,
44.5, 0, 17.28857,
45, 2, 17.48584,
45.5, 2, 17.68604,
46, 0, 17.88696,
46.5, 0, 18.08789,
47, 2, 18.28906,
47.5, 2, 18.48828,
48, 0, 18.69019,
48.5, 0, 18.88892,
49, 2, 19.08569,
49, 1, 19.08569,
51, 2, 19.8728,
51.5, 2, 20.07178,
52, 0, 20.27344,
52.5, 0, 20.47266,
53, 2, 20.66943,
53.5, 2, 20.86963,
54, 0, 21.07031,
54.5, 0, 21.27173,
55, 2, 21.47241,
55.5, 2, 21.67188,
56, 0, 21.85596,
56.5, 0, 22.05493,
57, 2, 22.25366,
57, 1, 22.25366,
58, 0, 22.65283,
58, 1, 22.65283,
59, 1, 23.05518,
59, 2, 23.05518,
60, 0, 23.4563,
60, 1, 23.4563,
61, 2, 23.85352,
61, 1, 23.85352,
62, 0, 24.25269,
62.5, 1, 24.43726,
63, 2, 24.63916,
63.75, 0, 24.94019,
64, 2, 25.03857,
64, 1, 25.03857,
64.5, 2, 25.23901,
64.5, 1, 25.23901,
65, 2, 25.43799,
65, 0, 25.43799,
66, 2, 25.83691,
66, 1, 25.83691,
66, 0, 25.83691,
67, 2, 26.23901,
67.5, 1, 26.44019,
67.5, 0, 26.44019,
68.5, 0, 26.82251,
69, 2, 27.021,
69, 1, 27.021,
70, 2, 27.42017,
70, 1, 27.42017,
71, 2, 27.82275,
71.5, 0, 28.02344,
71.5, 1, 28.02344,
72.5, 0, 28.42236,
73, 2, 28.62109,
73, 1, 28.62109,
74, 2, 29.02051,
74, 1, 29.02051,
75, 2, 29.40601,
75.5, 0, 29.60669,
75.5, 1, 29.60669,
76.5, 0, 30.00537,
77, 2, 30.2041,
77, 1, 30.2041,
78, 2, 30.60352,
78, 1, 30.60352,
79, 2, 31.0061,
79.5, 1, 31.20679,
79.5, 0, 31.20679,
80, 0, 31.40601,
80.5, 0, 31.60547,
81, 1, 31.78809,
81, 2, 31.78809,
82, 0, 32.18604,
82, 2, 32.18604,
82, 1, 32.18604,
83, 0, 32.58789,
83.5, 2, 32.79004,
84.5, 2, 33.1875,
85, 0, 33.38818,
85, 1, 33.38818,
86, 1, 33.78589,
86, 2, 33.78589,
86, 0, 33.78589,
87, 0, 34.18799,
87.5, 1, 34.37354,
87.5, 2, 34.37354,
88, 2, 34.57397,
88.5, 2, 34.77124,
89, 1, 34.97168,
90, 1, 35.36987,
90, 0, 35.36987,
91, 1, 35.771,
92, 2, 36.17383,
92, 1, 36.17383,
VCS
93, 0, 36.57178,
93, 2, 36.57178,
94, 1, 36.96973,
94, 0, 36.96973,
94, 2, 36.96973,
95, 0, 37.354,
95.5, 1, 37.55591,
95.5, 2, 37.55591,
96.5, 2, 37.95532,
97, 1, 38.15405,
97, 0, 38.15405,
98, 1, 38.55322,
98, 0, 38.55322,
99, 0, 38.95459,
99.5, 2, 39.15601,
99.5, 1, 39.15601,
100.5, 2, 39.54028,
101, 1, 39.73706,
101, 0, 39.73706,
102, 0, 40.13696,
102, 1, 40.13696,
103, 0, 40.53857,
103.5, 2, 40.73828,
103.5, 1, 40.73828,
104.5, 2, 41.14014,
105, 1, 41.33691,
106, 0, 41.73706,
106, 2, 41.73706,
106, 1, 41.73706,
107, 2, 42.12207,
107.5, 0, 42.3208,
107.5, 1, 42.3208,
108, 0, 42.52344,
108.5, 0, 42.72314,
109, 1, 42.92041,
109, 2, 42.92041,
110, 0, 43.31909,
110, 2, 43.31909,
110, 1, 43.31909,
111, 0, 43.72192,
111.5, 2, 43.9209,
111.75, 1, 44.00708,
112, 0, 44.10669,
112.5, 2, 44.30615,
113, 1, 44.50464,
113, 0, 44.50464,
114, 0, 44.90259,
114, 1, 44.90259,
114, 2, 44.90259,
115, 0, 45.30518,
115.5, 2, 45.50464,
115.5, 1, 45.50464,
116, 2, 45.7063,
116.5, 2, 45.90625,
117, 0, 46.10474,
117.5, 2, 46.30347,
117.5, 1, 46.30347,
118, 0, 46.50269,
118.5, 1, 46.70386,
119, 2, 46.8877,
119.5, 1, 47.08911,
119.5, 0, 47.08911,
120, 2, 47.28833,
120.5, 1, 47.48999,
121, 0, 47.68872,
121.5, 2, 47.88574,
121.5, 1, 47.88574,
122, 0, 48.08594,
122.5, 2, 48.28711,
123, 1, 48.48804,
123.5, 0, 48.68896,
123.75, 2, 48.78979,
124, 0, 48.88843,
124.25, 2, 48.97363,
124.5, 0, 49.07373,
124.75, 2, 49.1875,
125, 1, 49.27222,
125, 0, 49.27222,
126, 2, 49.66992,
127, 0, 50.07227,
127, 2, 50.07227,
127.5, 0, 50.27246,
128.5, 1, 50.67334,
129, 0, 50.87207,
129, 2, 50.87207,
129, 1, 50.87207,
130, 2, 51.26978,
131, 2, 51.67212,
131.5, 2, 51.85571,
132, 0, 52.05542,
132.5, 1, 52.2561,
133, 1, 52.45483,
134, 2, 52.85254,
135, 2, 53.25537,
135, 1, 53.25537,
135.5, 2, 53.45557,
136.5, 2, 53.8562,
137, 2, 54.05493,
138, 1, 54.45215,
138, 0, 54.45215,
139, 1, 54.83618,
139, 0, 54.83618,
139.5, 2, 55.03857,
140, 0, 55.24048,
141, 0, 55.63892,
141, 1, 55.63892,
141, 2, 55.63892,
142, 2, 56.0354,
143, 2, 56.4375,
143.5, 1, 56.62256,
143.5, 0, 56.62256,
144.5, 0, 57.02197,
145, 2, 57.22241,
145, 1, 57.22241,
146, 0, 57.61865,
147, 1, 58.01953,
147.5, 2, 58.22266,
147.5, 1, 58.22266,
148.5, 2, 58.62158,
149, 0, 58.82227,
149, 1, 58.82227,
150, 2, 59.21875,
151, 2, 59.60303,
151.25, 0, 59.70483,
151.5, 2, 59.80591,
151.75, 0, 59.90479,
152, 2, 60.00708,
152.25, 0, 60.1062,
152.5, 2, 60.20605,
152.75, 0, 60.3064,
153, 2, 60.40552,
153, 1, 60.40552,
154, 2, 60.80225,
155, 0, 61.20313,
155.5, 2, 61.40649,
155.5, 0, 61.40649,
156.5, 2, 61.79028,
157, 0, 61.98779,
157, 1, 61.98779,
157, 2, 61.98779,
158, 2, 62.38623,
159, 1, 62.78711,
159, 2, 62.78711,
159.5, 0, 62.98779,
159.5, 1, 62.98779,
160, 2, 63.18994,
160.5, 0, 63.39063,
161, 0, 63.58765,
VCS
162, 1, 63.98633,
163, 1, 64.38721,
163, 0, 64.38721,
163.5, 1, 64.57104,
164.5, 2, 64.97388,
165, 0, 65.17114,
165, 1, 65.17114,
165, 2, 65.17114,
166, 0, 65.56982,
167, 1, 65.97095,
167, 0, 65.97095,
167.5, 2, 66.1709,
168, 2, 66.37378,
168.5, 2, 66.57373,
169, 2, 66.75513,
169, 1, 66.75513,
170, 0, 67.15283,
171, 1, 67.55371,
171, 0, 67.55371,
171.5, 1, 67.75415,
172.5, 1, 68.15674,
173, 2, 68.35522,
173, 0, 68.35522,
173, 1, 68.35522,
174, 1, 68.75244,
175, 2, 69.15356,
175, 1, 69.15356,
175, 0, 69.15356,
175.5, 2, 69.33887,
176, 2, 69.53833,
177, 0, 69.93994,
177, 2, 69.93994,
177.5, 2, 70.13721,
178, 2, 70.33716,
179, 0, 70.73633,
179, 2, 70.73633,
179.5, 2, 70.93896,
180, 2, 71.13818,
181, 2, 71.52344,
181, 1, 71.52344,
181, 0, 71.52344,
181.5, 2, 71.73706,
182, 2, 71.93677,
182.5, 1, 72.13623,
182.75, 0, 72.22021,
183, 1, 72.32007,
183.25, 0, 72.41992,
183.5, 1, 72.52246,
183.75, 0, 72.62256,
184, 1, 72.72046,
184.25, 0, 72.82324,
184.5, 1, 72.92334,
184.75, 0, 73.02148,
185, 1, 73.12305,
185, 2, 73.12305,
185.5, 1, 73.32031,
185.5, 2, 73.32031,
186, 0, 73.52051,
186, 1, 73.52051,
186, 2, 73.52051,
186.5, 2, 73.71899,
187, 0, 73.92017,
187, 1, 73.92017,
187, 2, 73.92017,
188, 0, 74.30469,
188, 1, 74.30469,
188.5, 0, 74.5061,
188.5, 1, 74.5061,
189, 2, 74.7063,
189, 0, 74.7063,
189, 1, 74.7063,
189.5, 0, 74.90479,
190, 1, 75.10352,
190, 2, 75.10352,
190, 0, 75.10352,
191, 1, 75.50391,
191, 2, 75.50391,
191.5, 1, 75.70532,
191.5, 2, 75.70532,
192, 0, 75.90479,
192, 1, 75.90479,
192, 2, 75.90479,
192.5, 2, 76.10596,
193, 0, 76.30615,
193, 1, 76.30615,
193, 2, 76.30615,
194, 1, 76.70361,
194, 0, 76.70361,
194.5, 1, 76.9021,
194.5, 0, 76.9021,
195.5, 1, 77.28809,
195.5, 2, 77.28809,
195.5, 0, 77.28809,
196, 1, 77.48926,
196, 2, 77.48926,
197, 2, 77.89014,
197, 1, 77.89014,
197.5, 2, 78.08862,
197.5, 1, 78.08862,
198, 0, 78.28564,
198, 2, 78.28564,
198, 1, 78.28564,
198.5, 2, 78.48608,
199, 0, 78.68726,
199, 1, 78.68726,
199, 2, 78.68726,
200, 0, 79.08716,
200, 1, 79.08716,
200.5, 0, 79.2876,
200.5, 1, 79.2876,
201, 2, 79.47388,
201, 0, 79.47388,
201, 1, 79.47388,
201.5, 0, 79.67334,
202, 2, 79.86938,
202, 1, 79.86938,
202, 0, 79.86938,
203, 2, 80.26978,
203, 1, 80.26978,
203.5, 2, 80.47192,
203.5, 1, 80.47192,
204, 0, 80.67261,
204, 2, 80.67261,
204, 1, 80.67261,
204.5, 2, 80.87158,
205, 0, 81.07373,
205, 1, 81.07373,
205, 2, 81.07373,
206, 1, 81.46948,
206, 0, 81.46948,
206.5, 1, 81.66968,
206.5, 0, 81.66968,
207.5, 2, 82.05542,
207.5, 1, 82.05542,
207.5, 0, 82.05542,
208, 2, 82.25513,
208, 1, 82.25513,
209, 1, 82.65601,
209, 0, 82.65601,
209.5, 1, 82.85522,
209.5, 0, 82.85522,
210.5, 1, 83.25269,
210.5, 2, 83.25269,
210.5, 0, 83.25269,
211, 2, 83.45288,
211, 0, 83.45288,
212, 2, 83.85547,
212, 1, 83.85547,
212.5, 2, 84.04028,
212.5, 1, 84.04028,
213.5, 0, 84.43921,
213.5, 2, 84.43921,
213.5, 1, 84.43921,
214, 0, 84.6377,
214, 2, 84.6377,
215, 1, 85.03711,
215, 0, 85.03711,
215.5, 1, 85.2373,
215.5, 0, 85.2373,
216.5, 1, 85.64038,
216.5, 2, 85.64038,
216.5, 0, 85.64038,
217, 2, 85.83838,
217, 0, 85.83838,
218, 0, 86.23779,
218, 1, 86.23779,
218.5, 0, 86.4353,
218.5, 1, 86.4353,
219.5, 2, 86.8374,
219.5, 1, 86.8374,
219.5, 0, 86.8374,
220, 2, 87.02222,
220, 1, 87.02222,
221, 2, 87.42212,
221, 1, 87.42212,
221.5, 2, 87.62256,
221.5, 1, 87.62256,
222, 0, 87.82104,
222.25, 1, 87.91992,
222.5, 2, 88.01831,
222.5, 0, 88.01831,
223, 2, 88.22021,
223, 0, 88.22021,
223.5, 2, 88.41992,
224, 0, 88.62256,
224, 2, 88.62256,
224, 1, 88.62256,
224.5, 0, 88.82349,
224.5, 1, 88.82349,
225, 0, 89.02148,
225.5, 1, 89.20532,
225.5, 2, 89.20532,
226, 0, 89.4043,
226, 1, 89.4043,
226, 2, 89.4043,
226.5, 2, 89.61865,
227, 2, 89.80371,
227, 0, 89.80371,
227, 1, 89.80371,
227.5, 0, 90.00317,
227.5, 1, 90.00317,
228.5, 2, 90.40674,
228.5, 1, 90.40674,
229, 0, 90.60596,
229, 2, 90.60596,
229, 1, 90.60596,
230, 0, 91.00415,
230, 1, 91.00415,
230.5, 0, 91.20215,
230.5, 1, 91.20215,
231, 2, 91.40308,
231.25, 1, 91.50366,
231.5, 0, 91.60303,
232, 2, 91.78809,
232, 1, 91.78809,
232.5, 2, 91.98999,
232.5, 1, 91.98999,
234, 2, 92.58813,
234, 1, 92.58813,
234, 0, 92.58813,
238, 2, 94.18799,
238, 0, 94.18799,
239.5, 2, 94.771,
239.5, 1, 94.771,
241, 0, 95.37402,
241, 2, 95.37402,
242.5, 1, 95.96997,
242.5, 2, 95.96997,
244, 2, 96.5708,
244, 1, 96.5708,
245, 0, 96.9563,
245, 1, 96.9563,
247, 2, 97.75342,
247, 0, 97.75342,
248.5, 0, 98.35571,
248.5, 1, 98.35571,
250, 2, 98.95459,
250, 0, 98.95459,
251.5, 1, 99.53662,
251.5, 0, 99.53662,
253, 2, 100.1404,
253, 1, 100.1404,
255, 0, 100.9365,
255, 2, 100.9365,
256.5, 2, 101.5383,
256.5, 1, 101.5383,
258, 0, 102.1204,
258, 2, 102.1204,
259.5, 2, 102.7202,
259.5, 1, 102.7202,
261, 1, 103.3232,
261, 0, 103.3232,
263, 0, 104.1189,
263, 2, 104.1189,
263, 1, 104.1189,
266, 0, 105.3049,
266, 2, 105.3049,
267, 2, 105.7024,
267, 0, 105.7024,
268, 1, 106.1052,
268, 0, 106.1052,
268, 2, 106.1052,
270, 2, 106.8887,
270, 1, 106.8887,
270, 0, 106.8887,
271.5, 2, 107.4871,
272, 0, 107.6877,
272, 2, 107.6877,
273, 0, 108.0886,
273, 1, 108.0886,
274.5, 2, 108.6858,
275, 0, 108.8862,
275, 2, 108.8862,
276, 1, 109.272,
276, 0, 109.272,
277, 1, 109.6716,
278, 1, 110.0725,
278, 2, 110.0725,
279.5, 0, 110.6694,
280, 2, 110.8723,
280, 0, 110.8723,
281, 1, 111.2717,
281, 2, 111.2717,
282.5, 0, 111.8694,
283, 2, 112.0698,
283, 0, 112.0698,
284, 1, 112.4553,
284, 2, 112.4553,
285, 1, 112.8552,
286, 1, 113.2551,
286, 2, 113.2551,
286, 0, 113.2551,
287.5, 0, 113.8528,
287.5, 2, 113.8528,
289, 1, 114.4404,
289, 2, 114.4404,
289, 0, 114.4404,
290.5, 2, 115.0378,
290.5, 0, 115.0378,
292, 0, 115.6372,
292, 1, 115.6372,
293, 2, 116.0403,
293, 1, 116.0403,
294, 0, 116.4392,
294, 1, 116.4392,
295.5, 1, 117.0203,
295.5, 2, 117.0203,
297, 0, 117.6235,
297, 2, 117.6235,
298.5, 1, 118.2214,
298.5, 0, 118.2214,
300, 2, 118.8198,
300, 1, 118.8198,
300.5, 2, 119.0234,
301, 0, 119.2068,
301, 1, 119.2068,
301.5, 0, 119.406,
302, 2, 119.6055,
302, 1, 119.6055,
302.5, 2, 119.8044,
303, 1, 120.0022,
303, 0, 120.0022,
303.5, 0, 120.2034,
304, 1, 120.4031,
304, 2, 120.4031,
304.5, 2, 120.6062,
305, 0, 120.8066,
305, 1, 120.8066,
305.5, 0, 121.0059,
306, 2, 121.2053,
306, 1, 121.2053,
306.5, 2, 121.4043,
307, 0, 121.6023,
307, 1, 121.6023,
307.5, 0, 121.8035,
308, 2, 121.9873,
308, 1, 121.9873,
308.5, 2, 122.188,
309, 1, 122.3901,
309, 0, 122.3901,
309.5, 0, 122.5903,
310, 2, 122.7876,
311, 1, 123.1863,
312, 0, 123.5872,
314, 1, 124.3713,
314, 2, 124.3713,
314, 0, 124.3713,
316, 1, 125.1711,
VCS
318, 2, 125.9714,
318, 1, 125.9714,
319, 2, 126.3699,
319, 0, 126.3699,
320, 2, 126.771,
320, 0, 126.771,
320.5, 1, 126.9541,
320.5, 0, 126.9541,
321.5, 2, 127.3562,
322, 1, 127.5552,
322, 0, 127.5552,
323, 1, 127.9534,
323, 2, 127.9534,
324, 0, 128.3538,
324, 1, 128.3538,
324.5, 2, 128.5542,
325.5, 2, 128.9404,
326, 1, 129.1404,
326, 0, 129.1404,
326, 2, 129.1404,
327, 1, 129.5371,
327, 2, 129.5371,
327.5, 0, 129.7363,
327.5, 1, 129.7363,
328, 1, 129.9365,
328, 2, 129.9365,
328.5, 1, 130.1387,
328.5, 0, 130.1387,
329.5, 2, 130.5408,
330, 0, 130.7405,
330, 1, 130.7405,
330, 2, 130.7405,
331, 2, 131.137,
332, 2, 131.5366,
332, 0, 131.5366,
332, 1, 131.5366,
332.5, 2, 131.7222,
332.5, 0, 131.7222,
333, 1, 131.9207,
333, 0, 131.9207,
333.5, 1, 132.1235,
334, 0, 132.3232,
334, 2, 132.3232,
335, 1, 132.7202,
335, 0, 132.7202,
335.5, 1, 132.9192,
336, 1, 133.1204,
336, 2, 133.1204,
337, 0, 133.521,
337, 1, 133.521,
337.5, 2, 133.7234,
337.5, 0, 133.7234,
338.5, 2, 134.1206,
338.5, 1, 134.1206,
339.5, 1, 134.519,
339.5, 0, 134.519,
341, 2, 135.1047,
341, 0, 135.1047,
341.5, 2, 135.3064,
342, 0, 135.5063,
342.5, 2, 135.7046,
342.5, 1, 135.7046,
343, 0, 135.9033,
343.5, 1, 136.1023,
344, 2, 136.304,
344.5, 1, 136.5054,
344.5, 0, 136.5054,
345, 2, 136.689,
345.5, 1, 136.8884,
346, 0, 137.0901,
346.5, 2, 137.2886,
346.5, 1, 137.2886,
347, 0, 137.4858,
347.5, 2, 137.6863,
348, 1, 137.887,
348.5, 0, 138.0876,
348.75, 2, 138.1882,
349, 0, 138.2891,
349.25, 2, 138.3901,
349.5, 0, 138.4883,
349.75, 2, 138.5903,
VCS
350, 0, 138.6899,
350, 1, 138.6899,
351, 0, 139.0862,
352, 2, 139.4866,
352, 0, 139.4866,
352, 1, 139.4866,
352.5, 2, 139.6716,
353.5, 1, 140.0723,
354, 2, 140.2734,
354, 1, 140.2734,
355, 1, 140.6694,
356, 0, 141.0703,
356.5, 0, 141.2722,
357, 2, 141.4724,
357.5, 1, 141.6714,
358, 1, 141.8562,
359, 1, 142.2534,
359, 2, 142.2534,
360, 0, 142.6531,
360, 1, 142.6531,
360.5, 0, 142.8552,
361.5, 2, 143.2554,
362, 2, 143.4563,
363, 1, 143.8538,
363, 2, 143.8538,
364, 1, 144.2529,
364, 2, 144.2529,
364.5, 0, 144.4373,
364.75, 1, 144.5386,
365, 2, 144.6387,
365.5, 0, 144.8401,
366, 1, 145.0388,
366, 2, 145.0388,
366, 0, 145.0388,
367, 0, 145.438,
368, 1, 145.8372,
368, 0, 145.8372,
368.5, 2, 146.0374,
369, 1, 146.2385,
369.5, 2, 146.4402,
370, 0, 146.6414,
370, 1, 146.6414,
371, 2, 147.021,
372, 2, 147.4204,
372.5, 1, 147.6196,
372.5, 2, 147.6196,
373.5, 1, 148.0234,
374, 0, 148.2217,
374.5, 2, 148.4224,
374.75, 1, 148.52,
375, 2, 148.6211,
375.25, 1, 148.7202,
375.5, 2, 148.8184,
375.75, 1, 148.9187,
376, 2, 149.0205,
376.25, 0, 149.1201,
376.5, 2, 149.2197,
376.75, 0, 149.3049,
377, 2, 149.406,
377.25, 0, 149.5046,
377.5, 2, 149.6067,
377.75, 0, 149.7061,
378, 2, 149.8059,
378, 1, 149.8059,
379, 0, 150.2041,
380, 2, 150.6038,
380.5, 0, 150.8032,
380.5, 2, 150.8032,
381.5, 0, 151.2068,
382, 1, 151.4058,
382, 2, 151.4058,
383, 0, 151.7881,
384, 1, 152.186,
384, 0, 152.186,
384.5, 2, 152.3872,
384.5, 1, 152.3872,
385, 0, 152.5879,
385.5, 2, 152.79,
386, 1, 152.9907,
387, 2, 153.3882,
388, 0, 153.7864,
388, 1, 153.7864,
388, 2, 153.7864,
388.5, 1, 153.9871,
389.5, 1, 154.3735,
390, 0, 154.574,
390, 2, 154.574,
390, 1, 154.574,
391, 0, 154.9719,
391, 2, 154.9719,
392, 1, 155.3699,
392, 2, 155.3699,
392.5, 0, 155.571,
393, 0, 155.771,
393.5, 0, 155.9736,
393.75, 1, 156.0715,
394, 0, 156.1741,
394, 2, 156.1741,
395, 1, 156.5718,
396, 2, 156.9697,
396, 0, 156.9697,
396.5, 2, 157.1536,
397.5, 1, 157.5557,
398, 2, 157.7563,
398, 1, 157.7563,
399, 1, 158.1545,
400, 0, 158.553,
400, 2, 158.553,
400.5, 2, 158.7539,
401, 1, 158.9543,
402, 2, 159.3403,
402, 1, 159.3403,
402.5, 1, 159.5403,
403, 1, 159.7373,
404, 2, 160.137,
404, 1, 160.137,
404.5, 1, 160.3367,
405, 1, 160.5388,
406, 2, 160.9404,
406, 1, 160.9404,
406.5, 1, 161.1404,
407, 1, 161.3372,
407.5, 0, 161.5369,
407.75, 2, 161.6353,
408, 0, 161.7368,
408.25, 2, 161.8374,
408.5, 0, 161.9365,
408.75, 2, 162.0374,
409, 0, 162.1216,
409.25, 2, 162.2222,
409.5, 0, 162.3203,
409.75, 2, 162.4231,
410, 1, 162.5232,
410, 0, 162.5232,
410.5, 1, 162.7234,
410.5, 0, 162.7234,
411, 2, 162.9204,
411, 1, 162.9204,
411, 0, 162.9204,
411.5, 0, 163.1204,
412, 2, 163.3188,
412, 1, 163.3188,
412, 0, 163.3188,
413, 2, 163.7224,
413, 1, 163.7224,
413.5, 2, 163.9211,
413.5, 1, 163.9211,
414, 0, 164.106,
414, 2, 164.106,
414, 1, 164.106,
414.5, 2, 164.3062,
415, 1, 164.5049,
415, 0, 164.5049,
415, 2, 164.5049,
416, 0, 164.9021,
416, 1, 164.9021,
416.5, 0, 165.104,
416.5, 1, 165.104,
417, 2, 165.3052,
417, 0, 165.3052,
417, 1, 165.3052,
417.5, 0, 165.5068,
418, 2, 165.7053,
418, 1, 165.7053,
418, 0, 165.7053,
419, 2, 166.1052,
419, 1, 166.1052,
419.5, 2, 166.3037,
419.5, 1, 166.3037,
420.5, 0, 166.7041,
420.5, 2, 166.7041,
420.5, 1, 166.7041,
421, 0, 166.8877,
421, 1, 166.8877,
422, 2, 167.2881,
422, 1, 167.2881,
422.5, 2, 167.4902,
422.5, 1, 167.4902,
423, 0, 167.6887,
423, 2, 167.6887,
423, 1, 167.6887,
423.5, 2, 167.886,
424, 1, 168.0862,
424, 0, 168.0862,
424, 2, 168.0862,
425, 0, 168.4878,
425, 1, 168.4878,
425.5, 0, 168.6892,
425.5, 1, 168.6892,
426, 2, 168.8884,
426, 0, 168.8884,
426, 1, 168.8884,
426.5, 0, 169.0735,
427, 2, 169.2725,
427, 1, 169.2725,
427, 0, 169.2725,
428, 2, 169.6697,
428, 1, 169.6697,
428.5, 2, 169.8696,
428.5, 1, 169.8696,
429, 0, 170.0723,
429, 2, 170.0723,
429, 1, 170.0723,
429.5, 2, 170.2725,
430, 1, 170.4714,
430, 0, 170.4714,
430, 2, 170.4714,
431, 1, 170.8723,
431, 0, 170.8723,
431.5, 1, 171.0693,
431.5, 0, 171.0693,
432.5, 1, 171.4697,
432.5, 0, 171.4697,
432.5, 2, 171.4697,
433, 1, 171.6721,
433, 2, 171.6721,
433.5, 2, 171.8555,
434, 1, 172.0554,
434, 0, 172.0554,
434.5, 1, 172.2559,
434.5, 0, 172.2559,
435.5, 2, 172.6536,
435.5, 0, 172.6536,
435.5, 1, 172.6536,
436, 2, 172.8525,
436, 0, 172.8525,
437, 2, 173.2549,
437, 1, 173.2549,
437.5, 2, 173.4553,
437.5, 1, 173.4553,
438.5, 1, 173.8557,
438.5, 0, 173.8557,
438.5, 2, 173.8557,
439, 0, 174.0552,
439, 2, 174.0552,
440, 1, 174.4526,
440, 0, 174.4526,
440.5, 1, 174.6372,
440.5, 0, 174.6372,
441.5, 2, 175.0388,
441.5, 0, 175.0388,
441.5, 1, 175.0388,
442, 2, 175.24,
442, 0, 175.24,
443, 2, 175.6392,
443, 1, 175.6392,
443, 0, 175.6392,
443.5, 2, 175.8379,
443.5, 1, 175.8379,
444.5, 1, 176.2373,
444.5, 2, 176.2373,
444.5, 0, 176.2373,
445, 1, 176.4375,
445, 2, 176.4375,
445.5, 2, 176.6228,
446, 0, 176.8235,
446, 1, 176.8235,
446.5, 0, 177.0217,
446.5, 1, 177.0217,
447, 2, 177.2222,
447.25, 1, 177.3203,
447.5, 0, 177.4211,
447.5, 2, 177.4211,
448, 0, 177.6187,
448, 2, 177.6187,
448.5, 0, 177.8206,
449, 2, 178.0195,
449, 1, 178.0195,
449.5, 2, 178.2229,
449.5, 1, 178.2229,
450, 0, 178.4233,
450, 2, 178.4233,
450, 1, 178.4233,
450.5, 2, 178.6213,
451, 0, 178.8223,
451, 1, 178.8223,
451, 2, 178.8223,
451.5, 2, 179.021,
452, 1, 179.2188,
452, 0, 179.2188,
452.5, 1, 179.4204,
452.5, 0, 179.4204,
453.5, 0, 179.8062,
454, 2, 180.0068,
454, 1, 180.0068,
454, 0, 180.0068,
455, 2, 180.4053,
455, 1, 180.4053,
455.5, 2, 180.604,
455.5, 1, 180.604,
456, 0, 180.8025,
456.25, 1, 180.9023,
456.5, 2, 181.0037,
456.5, 0, 181.0037,
457, 2, 181.2031,
457, 0, 181.2031,
457.5, 2, 181.406,
458, 2, 181.5901,
458, 0, 181.5901,
458, 1, 181.5901,
458.5, 2, 181.7905,
458.5, 0, 181.7905,
459.5, 2, 182.188,
459.5, 0, 182.188,
459.5, 1, 182.188,
460, 2, 182.386,
460, 0, 182.386,
461, 2, 182.7871,
461, 1, 182.7871,
461, 0, 182.7871,
461.5, 2, 182.9878,
461.5, 1, 182.9878,
461.5, 0, 182.9878,
462.5, 0, 183.3904,
462.5, 1, 183.3904,
462.5, 2, 183.3904,
463, 0, 183.5879,
463, 2, 183.5879,
464, 2, 183.9854,
464, 0, 183.9854,
464, 1, 183.9854,
464.5, 2, 184.186,
464.5, 0, 184.186,
465.5, 1, 184.5706,
466, 1, 184.7737,
466.25, 2, 184.8716,
466.25, 0, 184.8716,
466.5, 1, 184.9741,
466.75, 2, 185.0732,
466.75, 0, 185.0732,
467, 1, 185.1711,
470.5, 0, 186.5564,
470.6667, 1, 186.6387,
470.8333, 2, 186.6899,
471, 0, 186.7551,
