RRHarmonie
Hard
9, 2, 3.583008,
9, 1, 3.583008,
10, 2, 4.033203,
10, 1, 4.033203,
10.5, 0, 4.266602,
11, 2, 4.485352,
12, 1, 4.933594,
12.5, 2, 5.164063,
12.5, 1, 5.164063,
13, 1, 5.381836,
13, 2, 5.381836,
14.5, 1, 6.051758,
14.5, 0, 6.051758,
15.5, 1, 6.500977,
15.5, 0, 6.500977,
16, 2, 6.731445,
16.5, 2, 6.950195,
17, 1, 7.166992,
17, 0, 7.166992,
18, 2, 7.616211,
18, 1, 7.616211,
19, 1, 8.067383,
19, 0, 8.067383,
19.5, 0, 8.298828,
20, 2, 8.515625,
20, 1, 8.515625,
20.5, 1, 8.732422,
21, 0, 8.967773,
21, 2, 8.967773,
22, 0, 9.418945,
22, 2, 9.418945,
22.5, 1, 9.634766,
23.5, 0, 10.08496,
24, 1, 10.29883,
24.5, 1, 10.53418,
25, 2, 10.75293,
25, 0, 10.75293,
26, 2, 11.19922,
26, 0, 11.19922,
26.5, 1, 11.43164,
27, 0, 11.65039,
28, 1, 12.09766,
28.5, 0, 12.31641,
28.5, 1, 12.31641,
29, 1, 12.5498,
29, 0, 12.5498,
30.5, 2, 13.21777,
30.5, 1, 13.21777,
31.5, 2, 13.66797,
31.5, 1, 13.66797,
VCS
32, 0, 13.88574,
32.5, 1, 14.11914,
33, 2, 14.33398,
34, 1, 14.7832,
34, 2, 14.7832,
34.5, 2, 15.01563,
35, 0, 15.2334,
35, 1, 15.2334,
35.5, 1, 15.44824,
36, 2, 15.68457,
36, 1, 15.68457,
36, 0, 15.68457,
37, 2, 16.12012,
37, 1, 16.12012,
38, 0, 16.58008,
38, 2, 16.58008,
39, 1, 17.0166,
39, 0, 17.0166,
40, 0, 17.46777,
40, 2, 17.46777,
41, 1, 17.91504,
41, 2, 17.91504,
42, 2, 18.36523,
42, 0, 18.36523,
43, 1, 18.81641,
43, 0, 18.81641,
44, 0, 19.26563,
44, 2, 19.26563,
45, 2, 19.7168,
45, 1, 19.7168,
47, 1, 20.60059,
47, 0, 20.60059,
49, 2, 21.49805,
49, 1, 21.49805,
50, 0, 21.95117,
50, 2, 21.95117,
51, 1, 22.40039,
51, 0, 22.40039,
53, 1, 23.29883,
53, 2, 23.29883,
55, 0, 24.18359,
55, 1, 24.18359,
56, 2, 24.63281,
56, 0, 24.63281,
57, 2, 25.08496,
57, 1, 25.08496,
58, 0, 25.5332,
58, 2, 25.5332,
59, 1, 25.98145,
59, 0, 25.98145,
60, 0, 26.43262,
60, 2, 26.43262,
61, 2, 26.86816,
61, 1, 26.86816,
63, 1, 27.76465,
63, 0, 27.76465,
65, 2, 28.66895,
65, 1, 28.66895,
66, 0, 29.11523,
66, 2, 29.11523,
67, 2, 29.56445,
67, 1, 29.56445,
67, 0, 29.56445,
68, 1, 30,
69.5, 1, 30.68262,
69.5, 0, 30.68262,
70, 2, 30.89941,
70.5, 1, 31.13281,
70.5, 0, 31.13281,
71.5, 0, 31.56836,
72, 2, 31.80273,
72, 1, 31.80273,
72.5, 2, 32.01953,
72.5, 1, 32.01953,
73.5, 1, 32.46582,
74, 0, 32.7002,
74, 1, 32.7002,
75, 2, 33.13574,
75.5, 1, 33.36719,
75.5, 0, 33.36719,
75.5, 2, 33.36719,
79.5, 2, 35.15234,
79.5, 1, 35.15234,
80, 0, 35.38574,
80.5, 0, 35.59961,
80.5, 2, 35.59961,
80.5, 1, 35.59961,
VCS
81.5, 2, 36.05078,
82, 0, 36.2832,
82, 1, 36.2832,
82, 2, 36.2832,
82.5, 2, 36.50098,
83, 1, 36.73242,
83, 0, 36.73242,
83, 2, 36.73242,
84, 2, 37.17969,
84, 0, 37.17969,
84.5, 2, 37.39746,
84.5, 0, 37.39746,
86, 2, 38.06738,
87, 0, 38.51563,
87, 1, 38.51563,
88, 1, 38.96484,
88, 2, 38.96484,
89, 0, 39.41699,
89.5, 2, 39.63379,
90, 1, 39.85156,
90, 0, 39.85156,
90.5, 1, 40.08301,
90.5, 0, 40.08301,
91, 2, 40.31445,
91, 1, 40.31445,
91.5, 2, 40.53027,
92, 1, 40.74707,
92, 0, 40.74707,
92.5, 1, 40.9834,
93, 0, 41.19922,
93, 2, 41.19922,
93.5, 0, 41.41797,
94, 2, 41.64844,
94, 1, 41.64844,
94.5, 1, 41.88086,
95, 1, 42.09766,
95, 0, 42.09766,
96, 1, 42.55078,
96, 0, 42.55078,
98, 1, 43.44824,
98, 0, 43.44824,
98.5, 0, 43.66504,
99, 1, 43.88184,
99, 2, 43.88184,
99.5, 1, 44.11523,
100, 2, 44.33398,
100, 1, 44.33398,
100, 0, 44.33398,
101, 1, 44.78223,
101, 0, 44.78223,
102, 0, 45.22949,
102, 2, 45.22949,
103, 2, 45.68164,
103, 1, 45.68164,
104, 0, 46.13379,
104, 2, 46.13379,
105, 0, 46.58105,
105, 1, 46.58105,
106, 2, 47.03125,
106, 0, 47.03125,
107, 2, 47.46582,
107, 1, 47.46582,
108, 0, 47.91504,
108, 2, 47.91504,
109, 2, 48.3623,
109, 1, 48.3623,
109, 0, 48.3623,
111, 1, 49.26758,
113, 1, 50.16406,
113, 0, 50.16406,
114, 0, 50.59961,
114, 2, 50.59961,
115, 0, 51.05176,
115, 2, 51.05176,
115, 1, 51.05176,
117, 1, 51.94727,
119, 1, 52.84766,
119, 2, 52.84766,
120, 2, 53.29688,
120, 0, 53.29688,
121, 1, 53.7334,
121, 0, 53.7334,
122, 0, 54.18359,
122, 2, 54.18359,
123, 2, 54.63184,
123, 1, 54.63184,
124, 0, 55.08105,
124, 2, 55.08105,
125, 2, 55.53418,
125, 1, 55.53418,
125, 0, 55.53418,
127, 1, 56.42969,
129, 1, 57.31836,
129, 0, 57.31836,
130, 0, 57.76563,
130, 2, 57.76563,
131, 0, 58.21484,
131, 2, 58.21484,
131, 1, 58.21484,
132, 2, 58.66602,
132, 1, 58.66602,
133, 2, 59.11523,
133, 1, 59.11523,
133, 0, 59.11523,
137, 1, 60.89941,
138, 0, 61.34863,
138, 2, 61.34863,
139, 1, 61.7998,
140, 2, 62.25195,
140, 0, 62.25195,
141, 1, 62.69727,
142, 0, 63.14746,
142, 2, 63.14746,
143, 1, 63.58301,
144, 2, 64.03223,
144, 0, 64.03223,
145, 1, 64.48047,
146, 0, 64.93359,
146, 2, 64.93359,
147, 1, 65.38379,
148, 2, 65.83105,
148, 0, 65.83105,
149, 2, 66.28125,
149, 1, 66.28125,
149.5, 0, 66.49805,
150, 2, 66.71777,
150, 1, 66.71777,
150.5, 0, 66.94922,
151, 2, 67.16699,
151, 1, 67.16699,
153.5, 1, 68.30078,
153.5, 0, 68.30078,
154, 2, 68.51855,
154.5, 1, 68.7334,
154.5, 0, 68.7334,
155, 2, 68.9668,
156, 1, 69.41504,
156, 0, 69.41504,
157, 2, 69.86523,
157, 1, 69.86523,
158.5, 0, 70.53125,
159, 2, 70.7627,
159, 1, 70.7627,
159, 0, 70.7627,
160, 2, 71.19922,
160, 0, 71.19922,
161, 1, 71.65137,
161, 2, 71.65137,
161, 0, 71.65137,
162.5, 2, 72.31348,
163, 1, 72.54785,
163, 0, 72.54785,
163, 2, 72.54785,
165.5, 0, 73.66504,
166, 2, 73.88086,
166, 1, 73.88086,
166.5, 0, 74.11426,
167, 2, 74.33105,
167, 1, 74.33105,
169.5, 2, 75.44824,
170, 1, 75.68066,
170, 0, 75.68066,
170.5, 1, 75.89844,
171, 2, 76.13477,
171, 1, 76.13477,
171.5, 2, 76.35156,
172, 0, 76.58398,
172, 1, 76.58398,
172.5, 1, 76.7998,
173, 2, 77.03125,
173, 1, 77.03125,
173, 0, 77.03125,
175, 2, 77.91797,
175, 1, 77.91797,
176, 0, 78.36621,
176, 2, 78.36621,
176, 1, 78.36621,
177, 0, 78.81348,
177, 2, 78.81348,
179, 0, 79.71875,
179, 1, 79.71875,
180, 2, 80.16504,
180, 0, 80.16504,
181, 2, 80.59766,
181, 0, 80.59766,
182, 0, 81.04883,
182, 1, 81.04883,
183, 2, 81.49805,
183, 1, 81.49805,
184, 1, 81.94629,
184, 0, 81.94629,
185, 2, 82.39941,
185, 1, 82.39941,
186, 2, 82.85156,
187, 1, 83.29883,
188, 0, 83.73145,
189, 1, 84.18359,
189, 0, 84.18359,
190, 2, 84.63379,
190, 1, 84.63379,
191, 1, 85.08008,
191, 0, 85.08008,
192, 2, 85.53027,
192, 1, 85.53027,
193, 1, 85.9834,
193, 0, 85.9834,
194, 2, 86.43262,
194, 1, 86.43262,
195, 2, 86.88086,
195, 0, 86.88086,
196, 1, 87.31641,
196, 2, 87.31641,
197, 2, 87.76758,
197, 0, 87.76758,
198, 0, 88.21387,
198, 1, 88.21387,
199, 1, 88.66406,
199, 0, 88.66406,
200, 0, 89.11816,
200, 2, 89.11816,
201, 2, 89.56641,
201, 1, 89.56641,
VCS
203, 1, 90.44922,
205, 2, 91.34863,
205, 1, 91.34863,
206, 0, 91.79785,
206, 2, 91.79785,
207, 2, 92.24902,
207, 1, 92.24902,
207, 0, 92.24902,
208, 1, 92.69824,
209, 2, 93.14648,
209, 1, 93.14648,
210, 0, 93.58301,
210, 2, 93.58301,
211, 2, 94.0332,
211, 1, 94.0332,
211, 0, 94.0332,
212, 1, 94.48242,
213, 1, 94.93066,
213, 0, 94.93066,
213.5, 2, 95.16504,
214, 1, 95.38281,
214, 0, 95.38281,
214.5, 2, 95.59863,
215, 1, 95.83594,
215, 0, 95.83594,
216, 1, 96.28125,
216, 2, 96.28125,
218, 2, 97.16699,
218, 0, 97.16699,
218.5, 1, 97.40137,
219, 2, 97.61719,
219, 0, 97.61719,
219.5, 1, 97.84863,
220, 2, 98.06445,
220, 0, 98.06445,
221, 1, 98.5166,
221, 0, 98.5166,
221.5, 0, 98.73535,
222, 2, 98.9668,
222, 1, 98.9668,
222.5, 2, 99.18262,
223, 1, 99.41309,
223, 0, 99.41309,
224, 2, 99.86426,
224, 0, 99.86426,
VCS
226, 1, 100.751,
226.5, 0, 100.9824,
227, 2, 101.1973,
227.5, 1, 101.4316,
227.5, 2, 101.4316,
228, 0, 101.6504,
228, 1, 101.6504,
228.5, 0, 101.8662,
229, 1, 102.1016,
229, 2, 102.1016,
230, 1, 102.5488,
230, 2, 102.5488,
231, 1, 102.9971,
231, 0, 102.9971,
231.5, 0, 103.2158,
232, 2, 103.4482,
232, 1, 103.4482,
232.5, 1, 103.668,
233, 2, 103.8838,
233, 0, 103.8838,
234, 1, 104.3301,
235, 0, 104.7832,
235, 1, 104.7832,
236, 2, 105.2334,
236, 1, 105.2334,
236.5, 1, 105.4512,
237, 0, 105.6826,
237, 2, 105.6826,
239, 2, 106.583,
239, 1, 106.583,
240, 0, 107.0195,
240, 2, 107.0195,
241, 1, 107.4648,
241, 0, 107.4648,
241, 2, 107.4648,
242, 0, 107.917,
242, 1, 107.917,
242.5, 0, 108.1357,
242.5, 1, 108.1357,
243, 0, 108.3691,
243, 2, 108.3691,
244, 1, 108.8174,
244, 2, 108.8174,
245, 2, 109.2646,
245, 0, 109.2646,
246, 1, 109.7158,
246, 2, 109.7158,
247, 1, 110.1494,
247, 0, 110.1494,
248, 2, 110.5977,
248, 1, 110.5977,
249, 2, 111.0498,
249, 1, 111.0498,
249, 0, 111.0498,
250, 0, 111.5,
251, 1, 111.9521,
252, 2, 112.3975,
253, 1, 112.8516,
253, 2, 112.8516,
254, 0, 113.2852,
254, 1, 113.2852,
255, 0, 113.7324,
255, 1, 113.7324,
255, 2, 113.7324,
256, 1, 114.1836,
256, 0, 114.1836,
257, 2, 114.6328,
257, 1, 114.6328,
258, 2, 115.0879,
258, 1, 115.0879,
258, 0, 115.0879,
259, 2, 115.5332,
259, 0, 115.5332,
260, 0, 115.9834,
260, 1, 115.9834,
261, 0, 116.4336,
261, 2, 116.4336,
262, 2, 116.8672,
262, 1, 116.8672,
263, 0, 117.3154,
263, 1, 117.3154,
264, 2, 117.7676,
264, 0, 117.7676,
265, 2, 118.2207,
265, 0, 118.2207,
265, 1, 118.2207,
266, 2, 118.667,
267, 1, 119.1162,
268, 0, 119.5684,
269, 1, 120.001,
269, 0, 120.001,
270, 0, 120.4502,
270, 2, 120.4502,
271, 0, 120.8984,
271, 2, 120.8984,
271, 1, 120.8984,
272, 2, 121.3516,
272, 1, 121.3516,
273, 1, 121.7998,
273, 0, 121.7998,
274, 0, 122.248,
274, 2, 122.248,
275, 0, 122.7021,
275, 2, 122.7021,
275, 1, 122.7021,
276, 2, 123.1523,
276, 1, 123.1523,
277, 2, 123.5986,
277, 0, 123.5986,
277.5, 2, 123.8145,
278, 1, 124.0332,
278, 0, 124.0332,
278.5, 1, 124.2676,
279, 0, 124.4854,
279, 1, 124.4854,
279, 2, 124.4854,
