RRReaper
Impossible
9, 1, 2.286133,
11, 2, 2.868164,
11, 0, 2.868164,
13, 0, 3.435059,
15, 0, 4.003906,
15, 2, 4.003906,
17, 2, 4.584473,
19, 0, 5.151855,
19, 2, 5.151855,
21, 1, 5.720703,
22, 2, 6.001953,
23, 0, 6.300781,
23.5, 0, 6.435547,
24, 1, 6.584961,
24.5, 1, 6.71875,
25, 2, 6.869141,
25, 0, 6.869141,
26.5, 1, 7.286621,
28, 1, 7.718262,
29.5, 1, 8.150391,
29.5, 2, 8.150391,
31, 2, 8.586914,
31.5, 2, 8.719238,
32.5, 1, 9.000977,
33.5, 2, 9.299805,
34, 2, 9.432617,
35, 1, 9.717773,
37, 2, 10.28613,
37.5, 1, 10.43604,
38, 2, 10.57227,
38.5, 2, 10.72021,
39, 1, 10.86914,
39.5, 0, 11,
40, 0, 11.15039,
40.5, 1, 11.30029,
41, 2, 11.43408,
42.5, 1, 11.87158,
44, 1, 12.2876,
45.5, 0, 12.71924,
47, 1, 13.15186,
47.5, 1, 13.28711,
48.5, 0, 13.5874,
49, 1, 13.7207,
49.5, 2, 13.86914,
50, 2, 14.00195,
51, 0, 14.30127,
53, 0, 14.86914,
53.5, 0, 15.00342,
54, 2, 15.1543,
54.5, 2, 15.28662,
55, 1, 15.43555,
55.5, 0, 15.58496,
56, 1, 15.71631,
56.5, 1, 15.86572,
57, 0, 16.0166,
58.5, 1, 16.43652,
60, 2, 16.86914,
61.5, 1, 17.30127,
63, 2, 17.71973,
63.5, 2, 17.86816,
64.5, 1, 18.15039,
65.5, 2, 18.43604,
66, 2, 18.58594,
67, 1, 18.86816,
69, 1, 19.43359,
69.5, 1, 19.58496,
70, 2, 19.72021,
70.5, 2, 19.87158,
71, 1, 20.00488,
71.5, 0, 20.15576,
72, 0, 20.28662,
72.5, 1, 20.43457,
73, 2, 20.5835,
74.5, 0, 21.00098,
76, 1, 21.4375,
77.5, 1, 21.86914,
79, 0, 22.30078,
79.5, 0, 22.43555,
80.5, 1, 22.71875,
81, 0, 22.86914,
81.5, 2, 23.00342,
82, 2, 23.15381,
83, 1, 23.43555,
85, 2, 24,
85.5, 2, 24.15088,
86, 1, 24.30225,
86.5, 1, 24.43652,
87, 2, 24.58643,
87.5, 2, 24.71924,
88, 1, 24.86914,
88.5, 1, 25.00146,
VCS
89, 0, 25.15088,
92, 2, 26.00098,
92.5, 1, 26.15137,
93, 0, 26.28613,
93, 2, 26.28613,
96, 0, 27.1499,
96.5, 1, 27.30029,
97, 0, 27.43311,
97, 2, 27.43311,
99, 1, 28.00488,
101, 2, 28.5835,
101, 1, 28.5835,
103, 0, 29.15234,
103.5, 2, 29.2876,
104, 0, 29.43799,
105, 2, 29.7207,
105, 0, 29.7207,
107, 1, 30.30078,
108, 2, 30.58545,
108, 0, 30.58545,
110, 1, 31.1543,
111, 2, 31.43555,
112, 1, 31.71631,
113, 2, 32.0166,
115, 0, 32.58643,
116, 2, 32.86914,
116.5, 1, 33.00146,
117, 0, 33.15088,
119, 1, 33.71777,
119.5, 2, 33.86768,
120, 1, 34.00146,
121, 2, 34.28613,
121, 1, 34.28613,
121, 0, 34.28613,
123, 2, 34.87012,
123, 1, 34.87012,
125, 0, 35.43359,
125, 2, 35.43359,
127, 0, 36.00439,
127, 1, 36.00439,
128, 1, 36.28662,
128.5, 1, 36.43506,
129, 2, 36.5835,
129, 1, 36.5835,
129, 0, 36.5835,
133, 2, 37.7207,
133, 0, 37.7207,
137, 0, 38.86914,
137, 2, 38.86914,
141, 1, 40,
141, 2, 40,
145, 1, 41.15234,
145, 0, 41.15234,
149, 2, 42.28613,
149, 0, 42.28613,
153, 1, 43.43311,
153, 2, 43.43311,
153, 0, 43.43311,
157, 1, 44.5835,
157, 2, 44.5835,
160, 1, 45.4375,
160.3333, 1, 45.53662,
160.6667, 1, 45.62109,
161, 0, 45.72021,
161.3333, 0, 45.81738,
161.6667, 2, 45.91895,
162, 1, 46.00195,
162.3333, 2, 46.10107,
162.6667, 1, 46.20117,
163, 0, 46.30225,
163.3333, 0, 46.38721,
163.6667, 2, 46.48584,
164, 1, 46.58545,
164.3333, 2, 46.66797,
164.6667, 1, 46.76855,
165, 0, 46.86914,
165.3333, 0, 46.96729,
165.6667, 2, 47.05322,
166, 1, 47.15527,
166.3333, 2, 47.25342,
166.6667, 1, 47.3374,
167, 0, 47.43604,
167.3333, 0, 47.53516,
167.6667, 1, 47.63428,
168, 0, 47.71582,
168.3333, 1, 47.81641,
168.6667, 0, 47.9165,
169, 1, 48,
169, 2, 48,
172, 0, 48.86865,
172.5, 1, 49.00098,
173, 2, 49.15088,
176, 1, 50.00098,
176.5, 1, 50.15137,
177, 0, 50.28613,
177.3333, 1, 50.38721,
177.6667, 0, 50.48682,
178, 1, 50.58594,
178.3333, 2, 50.66943,
178.6667, 2, 50.76758,
179, 0, 50.86816,
179.3333, 1, 50.96729,
179.6667, 0, 51.04932,
180, 1, 51.14941,
180.3333, 2, 51.25098,
180.6667, 2, 51.33545,
181, 0, 51.43457,
181.3333, 1, 51.53613,
181.6667, 0, 51.61914,
182, 1, 51.72021,
182.3333, 2, 51.8208,
182.6667, 2, 51.91895,
183, 0, 52.00342,
183.3333, 0, 52.10547,
183.6667, 0, 52.2041,
184, 1, 52.2876,
184.3333, 1, 52.38623,
184.6667, 1, 52.48682,
185, 0, 52.58496,
185, 2, 52.58496,
187, 1, 53.15234,
187, 0, 53.15234,
187.5, 1, 53.28662,
187.5, 0, 53.28662,
188, 1, 53.43799,
188, 0, 53.43799,
188.5, 1, 53.5874,
188.5, 2, 53.5874,
189, 1, 53.7207,
189, 2, 53.7207,
189.5, 1, 53.86914,
189.5, 2, 53.86914,
190, 0, 54.00195,
190.5, 1, 54.15186,
191, 2, 54.30176,
191, 0, 54.30176,
191.5, 2, 54.43652,
191.5, 0, 54.43652,
192, 2, 54.58545,
192.5, 1, 54.71875,
VCS
193, 0, 54.86865,
193, 2, 54.86865,
193.5, 0, 55.00342,
193.5, 2, 55.00342,
194, 0, 55.1543,
194.5, 1, 55.28809,
195, 0, 55.4375,
195, 2, 55.4375,
195.5, 0, 55.58643,
195.5, 2, 55.58643,
196, 2, 55.7168,
196.5, 1, 55.86523,
197, 0, 56.01563,
197, 2, 56.01563,
197.5, 0, 56.15039,
197.5, 2, 56.15039,
198, 0, 56.30225,
198.5, 1, 56.43652,
199, 0, 56.58643,
199, 2, 56.58643,
199.5, 0, 56.71924,
199.5, 2, 56.71924,
200, 2, 56.86865,
200, 1, 56.86865,
200.5, 2, 57.00146,
200.5, 1, 57.00146,
201, 1, 57.15088,
201, 0, 57.15088,
201.5, 2, 57.2998,
202, 2, 57.43262,
202.5, 1, 57.5835,
203, 1, 57.71777,
203.5, 2, 57.86914,
204, 1, 58.00195,
204.5, 1, 58.15186,
205, 2, 58.28613,
205.5, 2, 58.43604,
206, 1, 58.58545,
206.5, 0, 58.71924,
207, 2, 58.86816,
207.5, 2, 59.0166,
208, 1, 59.14941,
208.5, 1, 59.30029,
209, 0, 59.43359,
209.3333, 1, 59.53613,
209.6667, 0, 59.63574,
210, 1, 59.71973,
210.3333, 0, 59.8208,
211, 2, 60.00439,
211.3333, 1, 60.10547,
211.6667, 2, 60.2041,
212, 1, 60.28809,
212.3333, 2, 60.38623,
213, 0, 60.5835,
213.3333, 1, 60.68262,
213.6667, 0, 60.76758,
214, 1, 60.86816,
214.3333, 0, 60.96777,
214.6667, 1, 61.05078,
215, 2, 61.15283,
215.5, 2, 61.28711,
216, 0, 61.4375,
216.3333, 0, 61.53613,
216.6667, 0, 61.62158,
217, 1, 61.7207,
217, 2, 61.7207,
220, 1, 62.58447,
220.5, 1, 62.71777,
221, 1, 62.86914,
221, 0, 62.86914,
221, 2, 62.86914,
224, 1, 63.71631,
224.5, 1, 63.86572,
225, 1, 64.0166,
225, 2, 64.0166,
225, 0, 64.0166,
229, 2, 65.15234,
229, 1, 65.15234,
233, 2, 66.28613,
233, 0, 66.28613,
235, 1, 66.86816,
236, 2, 67.15088,
236, 0, 67.15088,
238, 2, 67.71924,
238, 1, 67.71924,
240, 1, 68.28662,
241, 2, 68.5835,
241, 0, 68.5835,
244, 2, 69.43701,
244.5, 2, 69.58691,
245, 2, 69.7207,
245, 0, 69.7207,
245, 1, 69.7207,
249, 2, 70.86914,
249, 0, 70.86914,
251, 0, 71.43555,
251, 2, 71.43555,
253, 0, 72.0166,
253, 1, 72.0166,
255, 1, 72.58887,
255, 2, 72.58887,
256, 1, 72.87061,
256.5, 1, 73.00195,
257, 1, 73.15283,
257, 0, 73.15283,
259, 1, 73.71875,
259, 2, 73.71875,
261, 2, 74.28662,
261, 0, 74.28662,
263, 0, 74.86768,
263, 1, 74.86768,
265, 0, 75.43359,
265, 2, 75.43359,
267, 2, 76.00537,
268, 1, 76.28857,
268, 0, 76.28857,
270, 1, 76.86865,
270, 2, 76.86865,
272, 0, 77.43848,
272, 2, 77.43848,
273, 0, 77.72412,
273, 2, 77.72412,
273, 1, 77.72412,
277, 1, 78.86865,
277, 0, 78.86865,
281, 1, 80.01563,
281, 2, 80.01563,
281, 0, 80.01563,
283, 2, 80.58838,
285, 0, 81.15088,
286, 0, 81.43262,
287, 2, 81.71777,
287, 1, 81.71777,
288, 0, 82.00098,
289, 0, 82.28662,
289, 1, 82.28662,
290, 2, 82.58594,
290, 1, 82.58594,
290.5, 2, 82.72021,
291, 1, 82.87109,
291, 0, 82.87109,
292, 0, 83.15283,
292.5, 0, 83.30127,
293, 2, 83.43506,
293.5, 2, 83.58545,
294, 1, 83.72021,
294.5, 0, 83.87207,
295, 0, 84.00488,
295.5, 1, 84.15479,
296, 2, 84.28809,
296.5, 2, 84.43701,
297, 1, 84.58496,
300, 0, 85.43652,
300.5, 1, 85.58643,
301, 2, 85.72217,
302, 0, 86.00293,
303, 2, 86.30225,
304, 0, 86.58594,
305, 2, 86.86963,
306, 2, 87.15381,
308, 0, 87.7168,
308.5, 1, 87.86719,
309, 2, 88.00098,
311, 2, 88.58594,
311, 0, 88.58594,
313, 2, 89.15088,
314.5, 0, 89.58496,
316, 2, 90.00146,
317.5, 0, 90.43652,
VCS
319, 2, 90.86963,
319.5, 1, 91.00098,
320.5, 1, 91.30078,
321, 2, 91.43359,
321.5, 1, 91.58398,
322, 0, 91.71924,
322.5, 1, 91.87061,
323, 2, 92.00439,
323.5, 1, 92.15674,
324, 0, 92.28906,
324.5, 1, 92.43945,
325, 2, 92.58643,
325.5, 1, 92.71973,
326, 0, 92.86914,
326.5, 1, 93.00195,
327, 2, 93.15381,
327.5, 1, 93.2876,
328, 0, 93.43701,
328.5, 1, 93.5874,
329, 0, 93.72021,
330.5, 2, 94.15088,
331.5, 0, 94.43604,
332, 1, 94.58545,
333, 2, 94.86914,
334.5, 0, 95.28662,
335.5, 2, 95.58496,
336, 1, 95.71631,
337, 0, 96,
338.5, 2, 96.43652,
339.5, 1, 96.71924,
340, 1, 96.86914,
340, 0, 96.86914,
341, 2, 97.15186,
341.5, 2, 97.30029,
341.5, 1, 97.30029,
342.5, 2, 97.58398,
342.5, 0, 97.58398,
343.5, 2, 97.86865,
344.5, 0, 98.15332,
345, 2, 98.28711,
346.5, 0, 98.7207,
347.5, 2, 99.00098,
348, 1, 99.15234,
349.5, 0, 99.58643,
350.5, 2, 99.87012,
351, 1, 100.0044,
351.5, 0, 100.1548,
352, 2, 100.2881,
352.5, 2, 100.436,
353, 1, 100.584,
353, 0, 100.584,
355, 2, 101.1538,
355, 1, 101.1538,
357, 2, 101.7202,
357, 0, 101.7202,
359, 1, 102.3008,
361, 0, 102.8701,
361, 1, 102.8701,
361, 2, 102.8701,
364, 0, 103.7158,
364.5, 1, 103.8657,
365, 2, 104.0166,
367.5, 0, 104.7202,
368, 1, 104.8691,
368.5, 2, 105.001,
369, 0, 105.1509,
370, 2, 105.4336,
371, 0, 105.7178,
372, 2, 106.0005,
373, 0, 106.2891,
374, 2, 106.5869,
374, 1, 106.5869,
377, 2, 107.4336,
377, 0, 107.4336,
380, 2, 108.2876,
380.5, 1, 108.4385,
381, 0, 108.5859,
383, 1, 109.1523,
385, 2, 109.7236,
386, 0, 110.0029,
387, 2, 110.3018,
388, 1, 110.5854,
388, 0, 110.5854,
388, 2, 110.5854,
390, 1, 111.1543,
390, 0, 111.1543,
393, 1, 112.0161,
393, 2, 112.0161,
395, 0, 112.5869,
395, 1, 112.5869,
397, 2, 113.1528,
397, 1, 113.1528,
399, 0, 113.7178,
401, 1, 114.2866,
401, 2, 114.2866,
402, 0, 114.5864,
402, 1, 114.5864,
403, 2, 114.8716,
403, 1, 114.8716,
404, 1, 115.1528,
404, 0, 115.1528,
405, 2, 115.4355,
405, 1, 115.4355,
406, 2, 115.7202,
406, 0, 115.7202,
406, 1, 115.7202,
409, 1, 116.5845,
409.5, 1, 116.7178,
410, 2, 116.8682,
410.5, 2, 117.0015,
411, 2, 117.1538,
411, 1, 117.1538,
411.5, 1, 117.2881,
412, 0, 117.439,
412.5, 0, 117.5723,
413, 0, 117.7217,
413, 1, 117.7217,
413.5, 1, 117.8701,
414, 2, 118.0029,
414.5, 2, 118.1523,
415, 2, 118.3022,
415, 1, 118.3022,
415.5, 1, 118.4355,
416, 0, 118.5869,
416.5, 1, 118.7212,
VCS
417, 2, 118.8701,
417, 0, 118.8701,
421, 0, 120.0039,
421, 1, 120.0039,
425, 1, 121.1543,
425, 0, 121.1543,
425, 2, 121.1543,
429, 2, 122.2871,
429.25, 1, 122.3716,
429.5, 0, 122.4385,
429.75, 1, 122.5054,
430, 2, 122.5732,
430.25, 1, 122.6553,
430.5, 0, 122.7231,
430.75, 1, 122.7886,
431, 2, 122.8726,
431.25, 1, 122.9365,
431.5, 0, 123.0024,
431.75, 1, 123.0859,
432, 2, 123.1528,
432.25, 1, 123.2188,
432.5, 0, 123.2866,
432.75, 1, 123.3691,
433, 2, 123.436,
433.25, 1, 123.5034,
433.5, 0, 123.5879,
433.75, 1, 123.6553,
434, 2, 123.7217,
434.25, 1, 123.7886,
434.5, 0, 123.8721,
434.75, 1, 123.937,
435, 2, 124.0049,
435.5, 2, 124.1567,
436, 0, 124.2886,
436.5, 0, 124.4395,
437, 2, 124.5864,
437.5, 1, 124.7188,
438, 0, 124.8677,
438.5, 1, 125.001,
439, 2, 125.1533,
439.5, 1, 125.2881,
440, 0, 125.439,
440.5, 1, 125.5732,
441, 2, 125.7227,
441.5, 2, 125.8706,
442.5, 0, 126.1528,
442.5, 1, 126.1528,
443.5, 2, 126.437,
444, 2, 126.5859,
444.5, 1, 126.7197,
445.5, 1, 127.0049,
446, 0, 127.1553,
446.5, 0, 127.2886,
447, 2, 127.437,
447.5, 2, 127.5718,
448, 1, 127.7197,
448.5, 2, 127.8687,
448.5, 0, 127.8687,
449.5, 1, 128.1514,
450, 0, 128.2861,
450.5, 0, 128.4365,
450.9917, 1, 128.5698,
451.4917, 1, 128.7207,
452, 2, 128.8716,
452.5, 2, 129.0044,
453, 0, 129.1543,
453.3333, 1, 129.2383,
453.6667, 0, 129.335,
454, 2, 129.437,
454.3333, 1, 129.5371,
454.6667, 2, 129.6196,
455, 0, 129.7192,
455.3333, 1, 129.8193,
455.6667, 0, 129.9194,
456, 2, 130.0015,
456.3333, 1, 130.1025,
456.6667, 2, 130.2046,
457, 0, 130.2871,
457, 2, 130.2871,
457, 1, 130.2871,
457.5, 0, 130.4385,
458, 0, 130.5732,
458.5, 1, 130.7222,
459, 0, 130.8716,
459.5, 1, 131.002,
460, 0, 131.1528,
460.5, 1, 131.3013,
461, 1, 131.4355,
461, 0, 131.4355,
461, 2, 131.4355,
461.5, 1, 131.5854,
462, 2, 131.7202,
462.5, 1, 131.8716,
463, 2, 132.0049,
463.5, 1, 132.1567,
464, 2, 132.2891,
464.5, 1, 132.4395,
465, 1, 132.5864,
465, 2, 132.5864,
465, 0, 132.5864,
465.5, 1, 132.7197,
466, 0, 132.8691,
466.5, 1, 133.002,
467, 0, 133.1538,
467.5, 1, 133.2881,
468, 0, 133.4385,
468.5, 1, 133.5723,
469, 0, 133.7231,
469, 2, 133.7231,
469.5, 1, 133.8721,
470, 2, 134.0054,
470.5, 1, 134.1543,
471.5, 1, 134.436,
472, 0, 134.5854,
472, 2, 134.5854,
472.5, 0, 134.7197,
472.5, 2, 134.7197,
473, 1, 134.8691,
473.5, 0, 135.0044,
474, 1, 135.1548,
474.5, 2, 135.2881,
475, 1, 135.437,
475.5, 0, 135.5874,
476, 1, 135.7188,
476.5, 1, 135.8682,
477, 2, 136.0024,
477.5, 1, 136.1528,
478, 0, 136.2881,
478.5, 0, 136.4385,
479, 1, 136.5889,
479.5, 1, 136.7212,
480, 2, 136.8711,
480.5, 2, 137.0044,
481, 1, 137.1538,
481.3333, 2, 137.2383,
481.6667, 1, 137.3369,
482, 0, 137.4365,
482.5, 0, 137.5869,
483, 1, 137.7192,
483.3333, 2, 137.8193,
483.6667, 1, 137.9189,
484, 0, 138.0029,
484.5, 0, 138.1543,
485, 0, 138.2896,
485.25, 1, 138.3735,
485.5, 2, 138.4399,
485.75, 1, 138.5063,
486, 0, 138.5737,
486.25, 1, 138.6567,
486.5, 2, 138.7246,
486.75, 1, 138.7891,
487, 0, 138.873,
487.25, 1, 138.9365,
487.5, 2, 139.0024,
487.75, 1, 139.0854,
488, 0, 139.1528,
488.3333, 0, 139.2524,
488.6667, 0, 139.3359,
VCS
489, 2, 139.4365,
490, 0, 139.7207,
490.5, 0, 139.8711,
490.5, 1, 139.8711,
492, 2, 140.2876,
492.5, 1, 140.4385,
493, 1, 140.5859,
493, 0, 140.5859,
495.5, 1, 141.2881,
496, 2, 141.4385,
496.5, 2, 141.5732,
497, 1, 141.7241,
497, 0, 141.7241,
498, 2, 142.0054,
499, 1, 142.3022,
499, 0, 142.3022,
500, 2, 142.5845,
501, 0, 142.8716,
501, 1, 142.8716,
502, 2, 143.1567,
503, 0, 143.4375,
503.3333, 1, 143.54,
503.6667, 0, 143.623,
504, 1, 143.7212,
504.3333, 2, 143.8223,
504.6667, 2, 143.9219,
505, 1, 144.0039,
506, 0, 144.2871,
506.5, 0, 144.4375,
506.5, 2, 144.4375,
508, 0, 144.8711,
508.5, 1, 145.0044,
509, 2, 145.1538,
511, 0, 145.7192,
511, 1, 145.7192,
513, 1, 146.2876,
513, 2, 146.2876,
514, 0, 146.5737,
514, 1, 146.5737,
515, 2, 146.8721,
515, 1, 146.8721,
516, 0, 147.1523,
516, 1, 147.1523,
518, 2, 147.7202,
518, 0, 147.7202,
518, 1, 147.7202,
521, 2, 148.5879,
521, 1, 148.5879,
522, 0, 148.8706,
522.5, 0, 149.0034,
523, 0, 149.1543,
523, 1, 149.1543,
523, 2, 149.1543,
525, 1, 149.7231,
525, 0, 149.7231,
527, 2, 150.2871,
529, 0, 150.8711,
529, 1, 150.8711,
530, 1, 151.1567,
530, 2, 151.1567,
531, 1, 151.4375,
531, 0, 151.4375,
532, 1, 151.7188,
532, 2, 151.7188,
533, 1, 152.0029,
533, 0, 152.0029,
534, 2, 152.2871,
534, 1, 152.2871,
535, 0, 152.5874,
535.3333, 1, 152.6714,
535.6667, 0, 152.7715,
536, 1, 152.8706,
536.3333, 2, 152.9565,
536.6667, 2, 153.0566,
537, 1, 153.1567,
537.5, 1, 153.2891,
538, 2, 153.437,
538.5, 1, 153.5864,
539, 0, 153.7178,
539.5, 0, 153.8687,
540, 1, 154.0015,
540.5083, 2, 154.1528,
541, 1, 154.2866,
541.5, 1, 154.4385,
542, 0, 154.5732,
542.5, 1, 154.7246,
543, 2, 154.874,
543.5, 2, 155.0059,
544, 1, 155.1548,
544.5, 2, 155.2876,
545, 1, 155.4365,
545, 0, 155.4365,
549, 2, 156.5728,
549, 1, 156.5728,
553, 2, 157.7241,
553, 1, 157.7241,
553, 0, 157.7241,
555, 2, 158.2876,
557, 0, 158.8706,
558.5, 0, 159.2886,
559, 2, 159.439,
560, 0, 159.7217,
560.5, 2, 159.8711,
561, 0, 160.0039,
563, 2, 160.5869,
563.5, 0, 160.7192,
564.5, 0, 161.0054,
565, 0, 161.1567,
565.5, 2, 161.291,
566.5, 0, 161.5874,
567, 2, 161.7197,
567.5, 0, 161.8691,
568, 2, 162.0034,
568.5, 2, 162.1543,
569, 0, 162.2891,
569, 1, 162.2891,
570, 1, 162.5737,
571, 2, 162.874,
571.5, 1, 163.0054,
572.5, 1, 163.3013,
573, 1, 163.4355,
574.5, 1, 163.8726,
575, 2, 164.0054,
576, 1, 164.2905,
576.5, 2, 164.4404,
577, 1, 164.5718,
577.5, 0, 164.7212,
577.75, 2, 164.7876,
578, 1, 164.8696,
578.5, 2, 165.002,
579, 1, 165.1533,
579.5, 0, 165.2871,
580, 1, 165.4385,
580.5, 2, 165.5723,
581, 1, 165.7231,
581.5, 0, 165.8721,
582, 1, 166.0054,
582.5, 2, 166.1558,
583, 1, 166.2881,
583.5, 0, 166.4365,
584, 0, 166.5854,
584, 1, 166.5854,
584, 2, 166.5854,
584.5, 1, 166.7192,
584.5, 2, 166.7192,
584.5, 0, 166.7192,
