DLCApricot03
Impossible
9, 0, 1.851074,
9.5, 0, 1.967285,
10, 2, 2.082031,
10.5, 2, 2.199707,
11, 0, 2.314453,
11.5, 0, 2.430664,
12, 2, 2.545898,
12.5, 2, 2.663574,
13, 0, 2.780762,
13.5, 0, 2.897949,
14, 2, 3.016113,
14.5, 2, 3.116699,
15, 0, 3.231445,
15.5, 0, 3.350586,
16, 2, 3.467285,
16.5, 2, 3.583984,
17, 0, 3.698242,
17.5, 0, 3.81543,
18, 1, 3.932129,
18.5, 1, 4.047852,
19, 0, 4.163574,
19.5, 0, 4.280762,
20, 1, 4.397949,
20.5, 1, 4.513672,
21, 0, 4.615723,
21.5, 0, 4.733887,
22, 1, 4.849121,
22.5, 1, 4.966309,
23, 0, 5.084473,
23.5, 0, 5.202148,
24, 1, 5.316406,
24.5, 1, 5.432129,
25, 1, 5.548828,
25.5, 1, 5.663574,
26, 2, 5.780273,
26.5, 2, 5.895996,
27, 1, 6.014648,
27.5, 1, 6.130371,
28, 2, 6.23291,
28.5, 2, 6.349609,
29, 1, 6.466797,
29.5, 1, 6.582031,
30, 2, 6.701172,
30.5, 2, 6.816895,
31, 1, 6.933105,
31.5, 1, 7.047852,
32, 2, 7.164551,
32.5, 2, 7.280273,
33, 0, 7.396973,
33.5, 0, 7.51416,
34, 2, 7.630859,
34.5, 2, 7.748047,
35, 0, 7.849609,
35.5, 0, 7.966309,
36, 2, 8.084473,
36.5, 2, 8.199707,
37, 0, 8.316406,
37.5, 0, 8.434082,
38, 1, 8.549805,
38.5, 1, 8.665039,
39, 0, 8.780762,
39.5, 0, 8.896973,
40, 1, 9.013184,
40.5, 1, 9.131348,
41, 0, 9.247559,
43, 2, 9.701172,
44, 1, 9.932617,
45, 0, 10.16602,
47, 2, 10.62988,
49, 1, 11.08154,
50.5, 1, 11.43408,
51, 0, 11.54932,
53, 1, 12.01416,
54, 2, 12.24756,
55, 0, 12.46436,
57, 1, 12.93408,
59, 2, 13.39941,
60, 1, 13.63135,
61, 0, 13.84766,
63, 2, 14.31689,
65, 1, 14.78418,
66.5, 1, 15.13184,
67, 2, 15.24805,
68.5, 0, 15.58008,
68.75, 1, 15.64697,
69, 2, 15.69824,
69.5, 2, 15.81592,
70.5, 2, 16.04883,
71.5, 1, 16.28467,
72, 0, 16.40088,
73, 2, 16.61523,
73, 1, 16.61523,
73, 0, 16.61523,
75, 2, 17.08057,
75, 1, 17.08057,
77, 1, 17.54932,
77, 0, 17.54932,
80, 1, 18.23145,
81, 1, 18.46387,
81, 2, 18.46387,
82, 2, 18.69678,
83, 0, 18.93066,
83, 1, 18.93066,
84, 0, 19.16602,
85, 2, 19.39941,
85, 1, 19.39941,
86, 2, 19.6167,
87, 0, 19.84766,
87, 1, 19.84766,
88, 0, 20.08057,
89, 2, 20.31396,
89, 1, 20.31396,
90, 2, 20.54834,
91, 1, 20.7832,
91, 0, 20.7832,
92, 1, 21.0166,
93, 0, 21.23438,
93, 2, 21.23438,
94, 1, 21.46533,
95, 2, 21.69727,
95, 0, 21.69727,
96, 1, 21.93115,
97, 2, 22.16602,
97, 0, 22.16602,
98, 0, 22.3999,
98, 1, 22.3999,
100, 2, 22.85107,
100, 1, 22.85107,
102, 1, 23.31299,
102, 0, 23.31299,
103, 2, 23.54785,
103, 0, 23.54785,
104, 1, 23.78271,
104, 2, 23.78271,
107, 1, 24.46631,
109, 2, 24.92969,
113, 2, 25.85107,
113.5, 1, 25.9668,
114, 0, 26.08154,
115, 2, 26.31494,
116, 0, 26.5459,
117, 2, 26.78027,
118, 1, 27.01611,
119, 2, 27.23145,
120, 1, 27.46729,
121, 0, 27.69873,
122, 1, 27.93164,
123, 0, 28.16357,
124, 1, 28.39795,
125, 2, 28.61572,
126, 0, 28.84863,
127, 2, 29.08447,
128, 0, 29.31592,
129, 2, 29.54932,
130, 1, 29.78027,
132, 0, 30.23291,
134, 1, 30.70117,
134.5, 2, 30.81738,
135, 1, 30.93311,
135.5, 0, 31.04785,
136, 2, 31.16455,
136.5, 0, 31.28027,
VCS
137, 1, 31.39697,
137, 2, 31.39697,
139, 0, 31.84961,
139, 1, 31.84961,
141, 2, 32.31641,
141, 0, 32.31641,
143, 1, 32.78027,
143, 0, 32.78027,
145, 0, 33.24707,
146, 0, 33.46484,
146.5, 2, 33.5835,
147.5, 2, 33.81689,
149, 1, 34.16602,
149.5, 2, 34.28223,
150, 0, 34.39648,
150.5, 1, 34.5127,
151, 2, 34.62988,
151.5, 0, 34.73096,
153, 1, 35.08154,
154, 0, 35.31787,
154.5, 1, 35.43408,
155.5, 2, 35.6665,
157, 1, 36.01416,
158, 0, 36.24756,
158.5, 1, 36.34766,
159.5, 2, 36.58203,
161, 2, 36.93457,
161, 1, 36.93457,
163, 2, 37.39941,
163, 0, 37.39941,
165, 1, 37.84717,
166, 2, 38.08105,
166.5, 0, 38.19873,
167, 2, 38.31641,
167.5, 0, 38.43164,
168, 2, 38.55127,
168.5, 0, 38.66699,
169, 1, 38.78418,
169, 2, 38.78418,
171, 0, 39.24756,
171, 1, 39.24756,
173, 2, 39.69824,
175, 0, 40.16602,
177, 1, 40.61572,
178, 0, 40.84766,
178.5, 1, 40.96338,
180, 2, 41.31396,
181, 2, 41.5498,
181.5, 1, 41.6665,
182, 0, 41.78223,
182.5, 1, 41.88477,
183, 0, 42.00049,
183.5, 1, 42.11572,
184, 2, 42.23145,
184.5, 1, 42.34863,
185, 2, 42.46338,
186, 0, 42.69678,
186, 2, 42.69678,
188, 2, 43.16406,
190, 0, 43.61816,
192, 0, 44.08057,
193, 1, 44.31396,
194, 0, 44.54785,
195, 1, 44.7832,
196, 0, 45.0166,
197, 2, 45.23438,
198, 1, 45.46533,
199, 2, 45.69727,
200, 1, 45.93115,
201, 0, 46.16602,
201, 2, 46.16602,
202, 1, 46.3999,
203, 0, 46.61719,
204, 1, 46.85107,
205, 0, 47.08203,
206, 1, 47.31299,
207, 0, 47.54785,
207.5, 2, 47.66455,
208, 0, 47.78271,
208.5, 2, 47.89893,
209, 0, 48.01563,
209, 1, 48.01563,
210, 2, 48.23438,
211, 0, 48.46631,
212, 2, 48.69922,
213, 2, 48.9292,
213, 0, 48.9292,
214, 1, 49.16357,
215, 2, 49.39941,
216, 1, 49.61523,
217, 1, 49.85107,
218, 1, 50.31494,
218.5, 0, 50.5459,
218.75, 2, 50.66406,
219.5, 0, 51.01563,
220, 1, 51.23145,
221, 2, 51.69873,
221.5, 2, 51.93164,
222, 0, 52.16309,
222.5, 0, 52.39795,
223, 2, 52.61621,
223.5, 2, 52.84912,
224, 0, 53.08496,
224.5, 0, 53.31592,
225, 1, 53.54834,
226, 1, 54.01465,
226.5, 2, 54.23291,
226.75, 0, 54.34961,
227.5, 2, 54.70117,
228, 1, 54.93311,
229, 0, 55.39697,
229.5, 0, 55.63086,
230, 2, 55.84912,
230.5, 2, 56.08447,
231, 0, 56.31641,
231.5, 0, 56.5498,
232, 2, 56.77979,
232.5, 2, 57.0127,
233, 1, 57.24707,
234, 1, 57.70117,
234.5, 0, 57.93262,
234.75, 2, 58.05078,
235.5, 0, 58.39648,
236, 1, 58.62988,
237, 1, 59.08154,
237.5, 1, 59.31738,
238, 1, 59.54932,
238.5, 1, 59.7832,
239, 1, 60.01416,
239.5, 1, 60.24756,
240, 1, 60.46387,
240.5, 1, 60.69873,
241, 1, 60.93457,
VCS
242, 1, 61.39941,
242.5, 2, 61.63086,
242.75, 0, 61.74609,
243.5, 2, 62.08154,
244, 1, 62.31689,
245, 1, 62.78418,
245.5, 1, 63.01563,
246, 1, 63.23145,
246.5, 1, 63.46387,
247, 1, 63.69775,
247.5, 1, 63.93359,
248, 1, 64.1665,
248.5, 1, 64.40088,
249, 1, 64.61572,
249.25, 1, 64.73193,
249.5, 1, 64.84766,
249.75, 1, 64.96338,
250, 0, 65.08057,
250.25, 0, 65.19775,
250.5, 0, 65.31348,
250.75, 0, 65.43262,
251, 2, 65.54932,
251.25, 2, 65.66699,
251.5, 2, 65.78174,
251.75, 2, 65.90137,
252, 1, 66.00098,
252.25, 1, 66.11621,
252.5, 1, 66.23242,
252.75, 1, 66.34961,
253, 2, 66.46484,
253.25, 2, 66.58105,
253.5, 2, 66.69678,
253.75, 2, 66.81494,
254, 0, 66.93115,
254.25, 0, 67.04932,
254.5, 0, 67.16602,
254.75, 0, 67.28369,
255, 2, 67.39893,
255.25, 2, 67.51563,
255.5, 2, 67.61719,
255.75, 2, 67.7334,
256, 1, 67.84912,
256.25, 1, 67.96533,
256.5, 1, 68.08105,
256.75, 1, 68.19775,
257, 2, 68.31396,
257.25, 2, 68.43066,
257.5, 2, 68.54736,
257.75, 2, 68.66504,
258, 1, 68.7832,
258.25, 1, 68.88477,
258.5, 1, 69.0166,
258.75, 1, 69.11621,
259, 0, 69.23389,
259.25, 0, 69.3501,
259.5, 0, 69.46533,
259.75, 0, 69.58008,
260, 1, 69.69727,
260.25, 1, 69.81299,
260.5, 1, 69.93066,
260.75, 1, 70.04736,
261, 2, 70.16553,
261.25, 2, 70.28174,
261.5, 2, 70.3999,
261.75, 2, 70.50098,
262, 0, 70.61719,
262.25, 0, 70.73242,
262.5, 0, 70.85059,
262.75, 0, 70.96582,
263, 1, 71.08252,
263.25, 1, 71.19629,
263.5, 1, 71.31299,
263.75, 1, 71.42969,
264, 2, 71.54736,
264.25, 2, 71.66406,
264.5, 2, 71.78271,
264.75, 2, 71.89893,
265, 1, 72,
267, 2, 72.92969,
268, 1, 73.39941,
269, 0, 73.85107,
271, 2, 74.78076,
273, 1, 75.69873,
277, 2, 77.54834,
277.5, 0, 77.78076,
278, 2, 78.01416,
278.5, 0, 78.23242,
279, 2, 78.46729,
279.5, 0, 78.70117,
280, 2, 78.93311,
280.25, 1, 79.04785,
280.5, 0, 79.16455,
281, 0, 79.39697,
283, 2, 79.84912,
287, 2, 80.78027,
288, 1, 81.0127,
288.5, 1, 81.13086,
289, 2, 81.24707,
290, 1, 81.46533,
291, 0, 81.70117,
292, 1, 81.93262,
293, 0, 82.16602,
294, 1, 82.39697,
295, 2, 82.62988,
295, 1, 82.62988,
295.5, 0, 82.73145,
296, 0, 82.84717,
296.5, 0, 82.96582,
297, 2, 83.08105,
298, 1, 83.31836,
299, 0, 83.5498,
300, 1, 83.7832,
302, 1, 84.24756,
303, 0, 84.46436,
304, 1, 84.69922,
304.5, 1, 84.81543,
305, 1, 84.93408,
306, 0, 85.16699,
307, 2, 85.39941,
308, 0, 85.63086,
309, 0, 85.84766,
310, 1, 86.08154,
311, 2, 86.31689,
311.5, 1, 86.43164,
312, 1, 86.55078,
312.5, 1, 86.66748,
313, 2, 86.78418,
313.5, 2, 86.89844,
314, 1, 87.01514,
314.5, 1, 87.13184,
315, 0, 87.24756,
315.5, 0, 87.36328,
316, 1, 87.46387,
316.5, 1, 87.58057,
317, 2, 87.69824,
317.5, 2, 87.81592,
318, 1, 87.93311,
318.5, 1, 88.04883,
319, 0, 88.1665,
319.5, 0, 88.28467,
320, 1, 88.40137,
320.5, 1, 88.51563,
321, 2, 88.61572,
321.5, 2, 88.73193,
322, 1, 88.84766,
322.5, 1, 88.96338,
323, 0, 89.08057,
323.5, 0, 89.19775,
324, 1, 89.31396,
324.5, 1, 89.43311,
325, 2, 89.54932,
325.5, 2, 89.66699,
326, 1, 89.78223,
326.5, 1, 89.90137,
327, 0, 90.00049,
327.5, 0, 90.11572,
328, 1, 90.23145,
328.5, 1, 90.34863,
VCS
329, 2, 90.46338,
329.5, 2, 90.58057,
330, 1, 90.69678,
330.5, 1, 90.81445,
331, 0, 90.93066,
331.5, 0, 91.04932,
332, 1, 91.16602,
332.5, 1, 91.28418,
333, 2, 91.39893,
333.5, 2, 91.50146,
334, 1, 91.61719,
334.5, 1, 91.7334,
335, 0, 91.84766,
335.5, 0, 91.96436,
336, 1, 92.08057,
337, 1, 92.31396,
338, 2, 92.54785,
339, 0, 92.7832,
340, 2, 93.01709,
341, 0, 93.23438,
342, 2, 93.46533,
343, 0, 93.69678,
343.5, 1, 93.8125,
344, 2, 93.93115,
345, 0, 94.16602,
346, 2, 94.3999,
347, 0, 94.6167,
348, 2, 94.85107,
348.5, 1, 94.96582,
350, 2, 95.31299,
350, 1, 95.31299,
351, 0, 95.54785,
352, 2, 95.78271,
353, 1, 96,
354, 2, 96.23438,
354, 1, 96.23438,
355, 0, 96.46631,
356, 0, 96.69922,
356, 2, 96.69922,
357, 0, 96.93018,
358, 2, 97.15576,
358, 0, 97.15576,
359, 1, 97.39893,
360, 1, 97.61523,
360, 2, 97.61523,
361, 0, 97.85059,
362, 2, 98.08203,
363, 0, 98.31494,
364, 2, 98.5459,
364.5, 1, 98.66406,
366, 1, 99.01611,
366, 2, 99.01611,
367, 0, 99.23145,
368, 2, 99.46729,
369, 1, 99.69873,
370, 2, 99.93164,
370, 1, 99.93164,
371, 0, 100.1631,
372, 0, 100.3979,
372, 2, 100.3979,
373, 1, 100.6167,
373.5, 2, 100.7344,
374, 1, 100.8486,
375, 0, 101.0845,
375.5, 1, 101.2002,
376, 0, 101.3159,
377, 0, 101.5483,
377, 2, 101.5483,
379, 0, 102.0146,
380.5, 1, 102.3491,
381, 2, 102.4663,
382, 1, 102.7012,
383, 2, 102.9355,
383, 0, 102.9355,
385, 1, 103.397,
385, 2, 103.397,
386, 1, 103.6313,
387, 0, 103.8491,
388, 0, 104.0845,
389, 0, 104.3169,
389, 2, 104.3169,
390, 0, 104.5498,
391, 1, 104.7803,
391.5, 2, 104.8984,
392, 1, 105.0122,
393, 0, 105.2466,
393, 2, 105.2466,
395, 0, 105.7021,
396.5, 1, 106.0518,
398, 1, 106.3965,
399, 0, 106.6299,
401, 0, 107.082,
401, 2, 107.082,
404.5, 0, 107.8989,
404.75, 1, 107.9482,
405, 2, 108.0137,
406, 1, 108.2471,
407, 0, 108.4644,
408, 2, 108.6987,
408.5, 2, 108.8154,
409, 0, 108.9341,
409, 2, 108.9341,
411, 1, 109.8472,
413, 2, 110.7842,
415, 0, 111.6982,
417, 0, 112.6157,
422.5, 2, 115.166,
422.75, 1, 115.2847,
423, 0, 115.3994,
425, 1, 116.314,
427, 2, 117.2339,
429, 0, 118.166,
431, 2, 119.0825,
432.5, 1, 119.7832,
432.75, 0, 119.8989,
433, 2, 120.0156,
436.5, 0, 121.6157,
436.75, 2, 121.7344,
437, 1, 121.8511,
438.5, 2, 122.5459,
438.75, 0, 122.6641,
439, 1, 122.7808,
440, 0, 123.2324,
441, 1, 123.6987,
441, 2, 123.6987,
443, 2, 124.1636,
444, 0, 124.3979,
445, 1, 124.6157,
445, 0, 124.6157,
447, 2, 125.085,
449, 0, 125.5488,
449, 2, 125.5488,
450.5, 0, 125.897,
451, 1, 126.0146,
452, 2, 126.2334,
452.5, 2, 126.3496,
453, 2, 126.4668,
453, 0, 126.4668,
454, 0, 126.7012,
455, 0, 126.9331,
455, 1, 126.9331,
457, 2, 127.397,
457, 1, 127.397,
459, 0, 127.8496,
460, 2, 128.0845,
461, 2, 128.3164,
463, 0, 128.7808,
465, 0, 129.2471,
465, 2, 129.2471,
466.5, 0, 129.583,
467, 1, 129.7012,
468, 0, 129.9326,
468.5, 0, 130.0508,
469, 0, 130.1655,
469, 2, 130.1655,
470, 2, 130.3965,
471, 1, 130.6299,
473, 2, 131.0815,
473, 1, 131.0815,
473, 0, 131.0815,
475, 2, 131.5493,
476, 2, 131.7827,
477, 1, 132.0142,
477, 2, 132.0142,
477, 0, 132.0142,
479, 1, 132.4736,
481, 2, 132.9341,
481, 1, 132.9341,
482.5, 2, 133.2822,
483, 0, 133.3999,
485, 1, 133.8472,
485, 2, 133.8472,
485, 0, 133.8472,
486, 1, 134.0815,
487, 1, 134.3169,
489, 1, 134.7842,
489, 2, 134.7842,
491, 0, 135.2476,
492, 1, 135.4639,
493, 1, 135.6982,
495, 1, 136.1665,
VCS
496, 1, 136.4009,
496.5, 0, 136.5161,
497, 2, 136.6152,
497, 1, 136.6152,
498.5, 0, 136.9639,
499, 2, 137.0806,
501, 2, 137.5488,
501, 1, 137.5488,
502, 1, 137.7822,
503, 0, 138.0005,
505, 2, 138.4639,
505, 0, 138.4639,
507, 1, 138.9302,
508, 2, 139.1665,
509, 2, 139.3979,
511, 2, 139.8477,
513, 0, 140.314,
513, 2, 140.314,
514.5, 0, 140.665,
515, 1, 140.7832,
517, 0, 141.2339,
518, 0, 141.4653,
519, 1, 141.6973,
520, 2, 141.9312,
520.5, 1, 142.0474,
521, 1, 142.166,
521, 2, 142.166,
521, 0, 142.166,
529, 0, 145.8511,
529.5, 0, 145.9668,
530, 2, 146.082,
530.5, 2, 146.1997,
531, 0, 146.3145,
531.5, 0, 146.4312,
532, 2, 146.5459,
532.5, 2, 146.6641,
533, 0, 146.7803,
533.5, 0, 146.8979,
534, 2, 147.0161,
534.5, 2, 147.1167,
535, 0, 147.2314,
535.5, 0, 147.3506,
536, 2, 147.4673,
536.5, 2, 147.584,
537, 0, 147.6987,
537.5, 0, 147.8154,
538, 1, 147.9316,
538.5, 1, 148.0479,
539, 0, 148.1636,
539.5, 0, 148.2803,
540, 1, 148.3979,
540.5, 1, 148.5137,
541, 0, 148.6157,
541.5, 0, 148.7334,
542, 1, 148.8491,
542.5, 1, 148.9658,
543, 0, 149.085,
543.5, 0, 149.2007,
544, 1, 149.3159,
544.5, 1, 149.4312,
545, 1, 149.5488,
545.5, 1, 149.6646,
546, 2, 149.7803,
546.5, 2, 149.897,
547, 1, 150.0142,
547.5, 1, 150.1304,
548, 2, 150.2329,
548.5, 2, 150.3491,
549, 1, 150.4668,
549.5, 1, 150.5825,
550, 2, 150.7017,
550.5, 2, 150.8169,
551, 1, 150.9336,
551.5, 1, 151.0479,
552, 2, 151.1646,
552.5, 2, 151.2808,
553, 0, 151.397,
553.5, 0, 151.5142,
554, 2, 151.6309,
554.5, 2, 151.731,
555, 0, 151.8496,
555.5, 0, 151.9663,
556, 2, 152.0845,
556.5, 2, 152.1992,
557, 0, 152.3169,
557.5, 0, 152.4341,
558, 1, 152.5503,
558.5, 1, 152.665,
559, 0, 152.7798,
559.5, 0, 152.897,
560, 1, 153.0132,
560.5, 1, 153.1309,
561, 0, 153.2471,
563, 2, 153.7012,
564, 1, 153.9326,
565, 0, 154.166,
567, 2, 154.6304,
569, 1, 155.0815,
570.5, 1, 155.4346,
571, 0, 155.5493,
573, 1, 156.0142,
574, 2, 156.2476,
575, 0, 156.4648,
577, 1, 156.9346,
579, 2, 157.3994,
580, 1, 157.6313,
581, 0, 157.8472,
583, 2, 158.3169,
585, 1, 158.7842,
586.5, 1, 159.1318,
587, 2, 159.2476,
588.5, 0, 159.5806,
588.75, 1, 159.6475,
589, 2, 159.6982,
589.5, 2, 159.8159,
590.5, 2, 160.0488,
591.5, 1, 160.2847,
592, 0, 160.4009,
593, 2, 160.6157,
593, 1, 160.6157,
593, 0, 160.6157,
595, 2, 161.0806,
597, 0, 161.5493,
600, 1, 162.2314,
601, 1, 162.4634,
601, 2, 162.4634,
602, 2, 162.6968,
603, 0, 162.9316,
603, 1, 162.9316,
604, 0, 163.1665,
605, 2, 163.3994,
605, 1, 163.3994,
606, 2, 163.6167,
607, 0, 163.8481,
607, 1, 163.8481,
608, 0, 164.0806,
609, 2, 164.3145,
609, 1, 164.3145,
610, 2, 164.5479,
611, 1, 164.7832,
611, 0, 164.7832,
612, 1, 165.0171,
613, 0, 165.2339,
613, 2, 165.2339,
614, 1, 165.4648,
615, 2, 165.6968,
615, 0, 165.6968,
616, 1, 165.9312,
617, 2, 166.166,
617, 0, 166.166,
618, 0, 166.3999,
618, 1, 166.3999,
620, 1, 166.8511,
620, 2, 166.8511,
622, 0, 167.313,
622, 1, 167.313,
624, 0, 167.7837,
625, 2, 168,
