RRMorningDove
Medium
9, 0, 2.830811,
10, 1, 3.183594,
11, 0, 3.530518,
12, 1, 3.895752,
13, 0, 4.249023,
14, 1, 4.598389,
15, 0, 4.949219,
16, 1, 5.296387,
17, 0, 5.663818,
18, 1, 6.014648,
19, 0, 6.365234,
20, 1, 6.714355,
21, 1, 7.062744,
22, 2, 7.415039,
23, 1, 7.765381,
24, 2, 8.132324,
25, 1, 8.479736,
26, 2, 8.830078,
27, 1, 9.182129,
28, 2, 9.531738,
29, 1, 9.898193,
30, 2, 10.24658,
31, 1, 10.5979,
32, 2, 10.94995,
33, 1, 11.29761,
34, 1, 11.6626,
37, 1, 12.71606,
38, 0, 13.06421,
39, 1, 13.41211,
40, 1, 13.76489,
41, 1, 14.1333,
42, 0, 14.48096,
43, 1, 14.83008,
44, 0, 15.17969,
45, 0, 15.53247,
46, 1, 15.88379,
47, 0, 16.24731,
48, 1, 16.59595,
49, 1, 16.94702,
50, 2, 17.2998,
51, 1, 17.6499,
52, 1, 18.01318,
53, 1, 18.36255,
54, 2, 18.71631,
55, 1, 19.06616,
56, 2, 19.41479,
57, 2, 19.77979,
58, 1, 20.12915,
59, 2, 20.4834,
60, 1, 20.83325,
61, 2, 21.17969,
62, 1, 21.52979,
63, 1, 21.89819,
64, 2, 22.25073,
65, 0, 22.59839,
66, 1, 22.94556,
67, 1, 23.29736,
72, 1, 25.06421,
73, 2, 25.41626,
74, 1, 25.76489,
75, 1, 26.12842,
76, 0, 26.48071,
77, 0, 26.83081,
78, 1, 27.18335,
79, 0, 27.53101,
80, 1, 27.896,
81, 1, 28.24878,
82, 2, 28.59839,
83, 2, 28.94946,
84, 1, 29.29614,
85, 1, 29.66333,
86, 0, 30.01465,
87, 1, 30.36597,
88, 2, 30.71411,
89, 1, 31.06299,
90, 0, 31.41504,
91, 1, 31.76538,
92, 0, 32.13257,
93, 0, 32.47949,
94, 1, 32.83008,
95, 1, 33.18237,
96, 2, 33.53198,
97, 1, 33.89819,
98, 0, 34.24634,
99, 1, 34.5979,
100, 1, 34.95044,
101, 1, 35.29712,
104, 0, 36.36548,
104, 1, 36.36548,
105, 1, 36.71582,
108, 0, 37.76489,
108, 1, 37.76489,
109, 1, 38.1333,
112, 0, 39.17944,
112, 1, 39.17944,
113, 1, 39.53271,
116, 0, 40.59619,
116, 1, 40.59619,
VCS
117, 1, 40.94702,
120, 2, 42.01343,
120, 1, 42.01343,
121, 1, 42.36206,
124, 2, 43.41479,
124, 1, 43.41479,
125, 1, 43.77954,
128, 2, 44.83325,
128, 1, 44.83325,
129, 1, 45.17944,
132, 2, 46.25024,
132, 1, 46.25024,
133, 1, 46.59863,
134, 2, 46.94556,
135, 0, 47.29761,
136, 2, 47.64844,
137, 0, 48.01611,
139, 2, 48.71313,
141, 2, 49.41626,
141, 0, 49.41626,
146, 2, 51.18311,
147, 1, 51.53125,
148, 1, 51.89575,
149, 0, 52.24902,
150, 2, 52.59814,
151, 0, 52.94946,
152, 2, 53.29614,
153, 0, 53.66333,
155, 2, 54.36597,
157, 1, 55.06323,
157, 2, 55.06323,
159, 1, 55.76538,
161, 1, 56.47974,
161, 0, 56.47974,
163, 0, 57.18237,
165, 2, 57.89819,
166, 1, 58.24658,
167, 0, 58.5979,
168, 1, 58.94995,
169, 0, 59.29761,
171, 2, 60.01392,
173, 2, 60.71582,
173, 1, 60.71582,
173, 0, 60.71582,
177, 0, 62.1333,
178, 0, 62.48096,
178, 1, 62.48096,
179, 1, 62.83032,
179, 2, 62.83032,
180, 2, 63.17944,
VCS
182, 1, 63.88379,
183, 0, 64.24683,
184, 1, 64.59619,
185, 0, 64.94727,
187, 2, 65.65039,
189, 2, 66.3623,
189, 0, 66.3623,
195, 0, 68.48364,
197, 2, 69.17944,
198, 1, 69.53027,
199, 0, 69.89819,
200, 0, 70.25,
201, 0, 70.59888,
202, 1, 70.94531,
203, 2, 71.29712,
204, 2, 71.64844,
205, 2, 72,
206, 1, 72.36328,
207, 0, 72.71313,
208, 0, 73.06445,
209, 0, 73.41626,
210, 1, 73.76489,
211, 2, 74.12891,
212, 2, 74.48071,
213, 2, 74.83057,
214, 1, 75.18359,
215, 0, 75.53101,
216, 0, 75.89575,
217, 0, 76.24854,
218, 1, 76.59839,
219, 2, 76.94922,
220, 2, 77.29614,
221, 2, 77.66357,
222, 1, 78.01489,
223, 0, 78.36597,
224, 0, 78.71436,
225, 0, 79.06299,
226, 1, 79.41504,
227, 2, 79.76538,
230, 1, 80.83008,
231, 1, 81.18262,
232, 2, 81.53223,
233, 1, 81.89819,
234, 1, 82.24658,
235, 1, 82.59814,
236, 0, 82.94946,
237, 1, 83.29736,
238, 1, 83.6626,
239, 1, 84.01392,
240, 2, 84.36548,
241, 1, 84.71558,
242, 1, 85.06421,
243, 1, 85.41235,
244, 0, 85.76514,
245, 1, 86.13306,
246, 1, 86.48145,
247, 1, 86.83008,
248, 2, 87.17969,
249, 1, 87.53296,
250, 1, 87.88379,
251, 1, 88.24707,
252, 0, 88.59546,
253, 1, 88.94727,
254, 1, 89.30005,
255, 1, 89.6499,
256, 2, 90.01367,
257, 1, 90.36255,
258, 1, 90.71582,
259, 1, 91.06665,
260, 0, 91.41479,
261, 2, 91.77954,
261, 0, 91.77954,
261, 1, 91.77954,
264, 1, 92.83325,
265, 2, 93.17944,
267, 0, 93.89819,
268, 1, 94.25073,
269, 2, 94.59839,
272, 0, 95.64795,
273, 1, 96.01611,
276, 2, 97.06421,
277, 1, 97.4165,
280, 0, 98.48413,
281, 1, 98.83105,
283, 2, 99.53076,
284, 1, 99.896,
285, 0, 100.2488,
288, 1, 101.2961,
289, 2, 101.6636,
292, 1, 102.7144,
293, 2, 103.0627,
296, 1, 104.1323,
297, 2, 104.48,
299, 2, 105.1824,
301, 0, 105.8982,
303, 1, 106.5979,
305, 1, 107.2983,
307, 1, 108.0142,
309, 1, 108.7158,
309, 0, 108.7158,
312, 0, 109.7651,
313, 1, 110.1335,
315, 2, 110.8301,
315, 1, 110.8301,
317, 1, 111.5327,
317, 0, 111.5327,
VCS
319, 1, 112.2471,
321, 1, 112.9473,
323, 1, 113.6501,
325, 0, 114.3625,
329, 1, 115.7795,
330, 2, 116.1294,
331, 0, 116.4836,
332, 0, 116.8333,
333, 1, 117.1792,
334, 1, 117.5303,
335, 2, 117.8979,
336, 2, 118.2502,
337, 0, 118.5984,
338, 0, 118.9456,
339, 1, 119.2969,
340, 1, 119.6482,
341, 0, 120.0164,
342, 0, 120.3633,
343, 1, 120.7136,
344, 1, 121.064,
345, 2, 121.4163,
346, 2, 121.7649,
347, 0, 122.1282,
348, 0, 122.4807,
349, 1, 122.8308,
350, 1, 123.1836,
351, 2, 123.531,
352, 2, 123.896,
357, 0, 125.6633,
358, 0, 126.0149,
359, 1, 126.366,
360, 1, 126.7141,
361, 0, 127.0632,
362, 0, 127.4153,
363, 1, 127.7651,
364, 1, 128.1323,
365, 2, 128.4797,
366, 2, 128.8298,
367, 0, 129.1824,
368, 0, 129.532,
369, 1, 129.8984,
370, 1, 130.2466,
371, 2, 130.5972,
372, 2, 130.9507,
373, 0, 131.2976,
374, 0, 131.6626,
375, 1, 132.0137,
376, 1, 132.3655,
377, 0, 132.7158,
378, 0, 133.0642,
379, 1, 133.4121,
380, 1, 133.7651,
381, 2, 134.1333,
382, 2, 134.4814,
383, 2, 134.8301,
384, 2, 135.1797,
385, 1, 135.5327,
386, 1, 135.884,
387, 0, 136.2471,
388, 0, 136.5959,
389, 2, 136.9473,
390, 1, 137.3,
391, 0, 137.6501,
392, 0, 138.0132,
393, 0, 138.3628,
394, 1, 138.7161,
395, 2, 139.0664,
396, 2, 139.4148,
397, 2, 139.7798,
398, 1, 140.1296,
399, 0, 140.4834,
400, 0, 140.8333,
401, 0, 141.1794,
402, 1, 141.5303,
403, 2, 141.8979,
404, 2, 142.2502,
405, 2, 142.5986,
406, 1, 142.9451,
407, 0, 143.2971,
408, 0, 143.6479,
409, 0, 144,
410, 1, 144.3635,
411, 2, 144.7134,
412, 2, 145.0642,
413, 2, 145.416,
414, 1, 145.7649,
415, 0, 146.1287,
416, 0, 146.4807,
417, 0, 146.8306,
418, 1, 147.1833,
419, 2, 147.531,
VCS
422, 1, 148.5984,
423, 1, 148.949,
424, 2, 149.2961,
425, 1, 149.6633,
426, 1, 150.0149,
427, 1, 150.3655,
428, 0, 150.7141,
429, 1, 151.0632,
430, 1, 151.415,
431, 1, 151.7654,
432, 2, 152.1321,
433, 1, 152.4802,
434, 1, 152.8301,
435, 1, 153.1824,
436, 0, 153.5317,
437, 1, 153.8982,
438, 1, 154.2466,
439, 1, 154.5979,
440, 2, 154.95,
441, 1, 155.2976,
442, 1, 155.6626,
443, 1, 156.0139,
444, 0, 156.3652,
445, 1, 156.7161,
446, 1, 157.0642,
447, 1, 157.4121,
448, 2, 157.7651,
449, 1, 158.1333,
450, 1, 158.4812,
451, 1, 158.8301,
452, 0, 159.1797,
453, 1, 159.5325,
454, 1, 159.8838,
455, 1, 160.2471,
456, 2, 160.5962,
457, 1, 160.947,
458, 1, 161.2998,
459, 1, 161.6501,
460, 0, 162.0132,
461, 1, 162.3625,
462, 1, 162.7163,
463, 1, 163.0664,
464, 2, 163.4148,
465, 1, 163.7795,
466, 1, 164.1299,
467, 1, 164.4832,
468, 0, 164.8333,
469, 1, 165.1794,
470, 1, 165.5303,
471, 2, 165.8979,
471, 0, 165.8979,
471, 1, 165.8979,
476, 0, 167.6479,
477, 1, 168,
481, 1, 169.416,
483, 0, 170.1287,
483, 1, 170.1287,
485, 0, 170.8306,
486, 1, 171.1833,
487, 2, 171.531,
492, 1, 173.2961,
493, 0, 173.6636,
497, 0, 175.063,
499, 1, 175.7654,
501, 2, 176.4797,
502, 1, 176.8301,
503, 0, 177.1824,
508, 1, 178.95,
509, 0, 179.2991,
513, 2, 180.7153,
515, 0, 181.4126,
515, 1, 181.4126,
517, 0, 182.1333,
518, 1, 182.4812,
519, 2, 182.8298,
524, 1, 184.5962,
525, 0, 184.947,
528, 0, 186.0134,
529, 1, 186.3625,
532, 0, 187.4148,
533, 2, 187.7798,
533, 0, 187.7798,
540, 2, 190.2507,
541, 0, 190.5986,
545, 1, 192.0161,
545, 2, 192.0161,
547, 1, 192.7134,
547, 0, 192.7134,
549, 2, 193.4163,
550, 1, 193.7649,
551, 0, 194.1284,
556, 1, 195.896,
557, 0, 196.2483,
561, 2, 197.6636,
561, 1, 197.6636,
563, 1, 198.3662,
563, 0, 198.3662,
565, 0, 199.063,
566, 1, 199.415,
567, 2, 199.7654,
572, 2, 201.5315,
573, 1, 201.8982,
580, 2, 204.3652,
581, 0, 204.7158,
588, 1, 207.1797,
589, 0, 207.5327,
596, 1, 210.0134,
597, 2, 210.3628,
597, 0, 210.3628,
