RRPortamello
Hard
9, 0, 3.652344,
10, 0, 4.102539,
11, 2, 4.550781,
12, 2, 5.000977,
14, 0, 5.919922,
16, 2, 6.820313,
17, 0, 7.287109,
18, 0, 7.734375,
19, 2, 8.185547,
20, 2, 8.636719,
21.66667, 1, 9.401367,
22, 1, 9.550781,
23, 2, 10.00293,
24, 0, 10.45508,
25, 1, 10.91895,
26, 1, 11.36816,
27, 1, 11.81934,
27.66667, 2, 12.13672,
28, 0, 12.28613,
29.66667, 1, 13.03516,
30, 1, 13.18652,
32, 2, 14.10254,
33, 1, 14.55078,
33.66667, 0, 14.85156,
34, 0, 15.00195,
35, 2, 15.46875,
35.66667, 2, 15.7666,
36, 0, 15.91602,
37, 2, 16.36914,
37.66667, 0, 16.6709,
38, 0, 16.82129,
39, 1, 17.28516,
40, 0, 17.7334,
41, 1, 18.18652,
42, 1, 18.63672,
43, 2, 19.09961,
43.66667, 1, 19.40137,
44, 1, 19.55371,
45, 0, 20.00488,
45.66667, 1, 20.30371,
46, 1, 20.4707,
47, 2, 20.91797,
48, 2, 21.37012,
50, 0, 22.2832,
51, 1, 22.73633,
51.66667, 2, 23.03711,
52, 2, 23.1875,
53, 1, 23.65332,
53.66667, 2, 23.95117,
54, 2, 24.10156,
55, 0, 24.55371,
56, 2, 25.00488,
58.66667, 2, 26.21973,
59, 2, 26.37012,
60, 0, 26.81836,
61, 1, 27.28516,
61, 0, 27.28516,
61.66667, 2, 27.58594,
62, 2, 27.73633,
64, 2, 28.65039,
65, 2, 29.10059,
65, 1, 29.10059,
65.66666, 2, 29.40137,
65.66666, 1, 29.40137,
66, 0, 29.55273,
67, 1, 30.00195,
67, 2, 30.00195,
67.66666, 1, 30.31641,
67.66666, 2, 30.31641,
68, 0, 30.4668,
69, 1, 30.91992,
76.33334, 2, 34.25488,
76.66666, 2, 34.4043,
77, 2, 34.55469,
77, 0, 34.55469,
80.66666, 1, 36.22168,
81, 1, 36.37012,
83, 2, 37.28711,
85, 0, 38.18457,
85, 1, 38.18457,
89, 2, 40,
93, 1, 41.83496,
97, 0, 43.65234,
VCS
101, 0, 45.4707,
102, 1, 45.91992,
102, 0, 45.91992,
103, 2, 46.36719,
103, 1, 46.36719,
104, 2, 46.82031,
104, 1, 46.82031,
105, 0, 47.28711,
105, 2, 47.28711,
106, 1, 47.73438,
106, 0, 47.73438,
107, 0, 48.18555,
107, 1, 48.18555,
107.6667, 2, 48.4873,
108, 2, 48.63672,
108.6667, 0, 48.95508,
109, 0, 49.10352,
110, 1, 49.55078,
111, 1, 50.00293,
113, 2, 50.91895,
113, 1, 50.91895,
114, 0, 51.36816,
114, 1, 51.36816,
115, 2, 51.81934,
115, 1, 51.81934,
116, 0, 52.28711,
116, 1, 52.28711,
117, 2, 52.7334,
118, 2, 53.18652,
119, 0, 53.6377,
120, 0, 54.10254,
121, 2, 54.55078,
122, 2, 55.00195,
123, 0, 55.46875,
124, 0, 55.91602,
124.5, 2, 56.15039,
125, 1, 56.36914,
127, 2, 57.28516,
129, 0, 58.18555,
131, 2, 59.09961,
133, 1, 60.00488,
133, 0, 60.00488,
134, 1, 60.46973,
134, 0, 60.46973,
135, 1, 60.91797,
136, 0, 61.37012,
136, 1, 61.37012,
137, 0, 61.82129,
137.6667, 2, 62.13477,
138, 2, 62.2832,
138.6667, 0, 62.58496,
139, 0, 62.73633,
140, 1, 63.1875,
141, 2, 63.65234,
141, 1, 63.65234,
142, 2, 64.10156,
142, 1, 64.10156,
143, 1, 64.55371,
144, 1, 65.00488,
144, 2, 65.00488,
145, 1, 65.46777,
145.6667, 0, 65.76758,
146, 0, 65.91797,
147, 1, 66.36914,
148, 2, 66.81836,
149, 1, 67.28418,
149, 0, 67.28418,
150, 0, 67.73633,
150, 1, 67.73633,
151, 1, 68.1875,
151, 0, 68.1875,
152, 2, 68.65039,
152, 0, 68.65039,
153, 1, 69.10156,
153.6667, 2, 69.40137,
154, 2, 69.55273,
155, 1, 70.00195,
155, 0, 70.00195,
155.6667, 0, 70.31641,
157, 2, 70.91992,
157, 1, 70.91992,
158, 2, 71.37109,
158, 1, 71.37109,
159, 1, 71.81836,
159, 2, 71.81836,
160, 2, 72.28418,
160.6667, 0, 72.58594,
161, 0, 72.73633,
162, 1, 73.18652,
163, 2, 73.65137,
163, 1, 73.65137,
163.6667, 0, 73.95313,
163.6667, 2, 73.95313,
165, 2, 74.55469,
167, 0, 75.46875,
169.6667, 1, 76.66699,
170, 1, 76.81836,
171, 0, 77.28711,
171.6667, 0, 77.58789,
VCS
173, 0, 78.18457,
173, 1, 78.18457,
175, 2, 79.10449,
177.6667, 1, 80.31836,
178, 1, 80.46875,
179, 2, 80.91992,
179.6667, 2, 81.21875,
181, 2, 81.83496,
181, 1, 81.83496,
183, 0, 82.73633,
185.6667, 1, 83.95313,
186, 1, 84.10254,
187, 0, 84.55078,
187.6667, 1, 84.85059,
189, 2, 85.45508,
189, 0, 85.45508,
189.6667, 2, 85.77051,
190.3333, 2, 86.06934,
191, 1, 86.36719,
191.6667, 1, 86.66797,
192.3333, 1, 86.96973,
193, 2, 87.28711,
193.6667, 2, 87.58594,
194.3333, 2, 87.88281,
195, 1, 88.18555,
195.6667, 1, 88.4873,
196.3333, 1, 88.80469,
197, 2, 89.10352,
197, 0, 89.10352,
198, 2, 89.55078,
198, 1, 89.55078,
200, 2, 90.45508,
200, 1, 90.45508,
203, 2, 91.81934,
205, 0, 92.7334,
209, 1, 94.55078,
210, 1, 95.00195,
212, 2, 95.91602,
212, 0, 95.91602,
213, 2, 96.36914,
213, 1, 96.36914,
213, 0, 96.36914,
222.6667, 0, 100.7676,
222.8333, 1, 100.834,
223, 2, 100.918,
224, 2, 101.3701,
224, 0, 101.3701,
225.6667, 0, 102.1348,
225.8333, 1, 102.2012,
226, 2, 102.2852,
227, 2, 102.7383,
227, 0, 102.7383,
227.6667, 2, 103.0361,
227.6667, 0, 103.0361,
228, 1, 103.1875,
228.3333, 1, 103.3369,
228.6667, 1, 103.4873,
229, 0, 103.6367,
233.3333, 2, 105.6182,
235.5, 1, 106.6045,
236.1667, 0, 106.9023,
237, 1, 107.2852,
VCS
239.5, 2, 108.418,
240.1667, 1, 108.7168,
240.8333, 0, 109.0176,
242, 1, 109.5527,
242.3333, 1, 109.7031,
242.6667, 1, 109.8525,
243, 2, 110.001,
243.3333, 2, 110.167,
243.6667, 2, 110.3164,
244, 1, 110.4668,
244.3333, 1, 110.6172,
244.6667, 1, 110.7686,
245, 0, 110.9199,
245.5, 0, 111.1367,
246.3333, 2, 111.5205,
247, 0, 111.8184,
247.6667, 1, 112.1338,
248.5, 0, 112.5039,
249.5, 2, 112.9551,
250.3333, 1, 113.335,
251, 0, 113.6514,
252, 1, 114.1035,
252.3333, 1, 114.2549,
252.6667, 1, 114.4043,
253, 2, 114.5547,
253.6667, 2, 114.8525,
254.6667, 0, 115.3184,
255, 0, 115.4688,
255.6667, 2, 115.7715,
257, 1, 116.3691,
257, 0, 116.3691,
257.6667, 2, 116.667,
258.3333, 0, 116.9854,
259, 2, 117.2871,
259.3333, 2, 117.4365,
259.6667, 2, 117.5879,
260, 0, 117.7373,
260.3333, 0, 117.8867,
260.6667, 0, 118.0352,
261, 2, 118.1846,
261.6667, 2, 118.501,
262.6667, 1, 118.9541,
263.5, 0, 119.3193,
264.5, 2, 119.7842,
264.6667, 0, 119.8506,
265, 1, 120,
268.5, 2, 121.6006,
268.6667, 1, 121.667,
269, 0, 121.835,
269.6667, 0, 122.1367,
270.3333, 2, 122.4375,
271, 2, 122.7363,
271.6667, 0, 123.0342,
272.3333, 0, 123.334,
273, 2, 123.6523,
273.3333, 2, 123.8018,
273.6667, 2, 123.9531,
274, 0, 124.1025,
274.3333, 0, 124.252,
274.6667, 0, 124.4014,
275, 2, 124.5508,
275.3333, 2, 124.7002,
275.6667, 2, 124.8506,
276, 1, 125.001,
276.3333, 1, 125.1533,
276.6667, 1, 125.3037,
277, 0, 125.4551,
278.3333, 1, 126.0693,
279, 2, 126.3672,
279.5, 0, 126.6016,
280, 1, 126.8203,
280.3333, 1, 126.9707,
280.6667, 1, 127.1367,
281, 2, 127.2871,
281.3333, 2, 127.4365,
281.6667, 2, 127.5859,
282, 0, 127.7344,
282.3333, 1, 127.8838,
282.6667, 2, 128.0342,
283, 0, 128.1846,
283.3333, 0, 128.3359,
283.6667, 0, 128.4873,
284, 2, 128.6367,
284.3333, 1, 128.8047,
284.6667, 0, 128.9541,
285, 2, 129.1035,
285.8333, 1, 129.4844,
286.3333, 0, 129.7012,
286.8333, 1, 129.9365,
287, 2, 130.0039,
288.5, 2, 130.6865,
289, 0, 130.9189,
289.6667, 0, 131.2178,
290.5, 0, 131.6035,
290.6667, 1, 131.6689,
291, 2, 131.8193,
292.3333, 2, 132.4355,
292.3333, 0, 132.4355,
293, 1, 132.7334,
293, 2, 132.7334,
293, 0, 132.7334,
297, 0, 134.5508,
299, 1, 135.4688,
300, 1, 135.916,
301, 2, 136.3691,
303, 0, 137.2852,
VCS
304.6667, 1, 138.0352,
305, 2, 138.1865,
307, 1, 139.0996,
308, 1, 139.5537,
309, 0, 140.0049,
310, 2, 140.4688,
311, 2, 140.918,
313, 2, 141.8213,
314, 0, 142.2832,
315, 1, 142.7363,
316, 0, 143.1875,
317, 1, 143.6533,
317, 2, 143.6533,
318, 0, 144.1016,
319, 2, 144.5537,
321, 2, 145.4668,
321, 1, 145.4668,
321, 0, 145.4668,
325, 2, 147.2852,
325.6667, 2, 147.5859,
326, 0, 147.7363,
327, 2, 148.1875,
328, 2, 148.6514,
329, 0, 149.1006,
330, 0, 149.5527,
331, 2, 150.001,
331, 0, 150.001,
331.6667, 1, 150.3164,
332, 1, 150.4668,
333, 0, 150.9209,
333.6667, 0, 151.2217,
334, 2, 151.3711,
336, 2, 152.2842,
336, 0, 152.2842,
336.6667, 1, 152.5859,
337, 1, 152.7383,
338, 0, 153.1865,
339, 2, 153.6504,
339.6667, 2, 153.9531,
340, 1, 154.1035,
341.6667, 2, 154.8525,
342, 2, 155.002,
343, 0, 155.4688,
344, 2, 155.9209,
345, 2, 156.3701,
345, 0, 156.3701,
346, 2, 156.8184,
346, 0, 156.8184,
347, 1, 157.2871,
347.6667, 1, 157.5869,
348, 0, 157.7373,
348, 2, 157.7373,
349, 0, 158.1846,
349.6667, 2, 158.501,
350, 2, 158.6523,
352, 2, 159.5527,
352, 0, 159.5527,
352.6667, 1, 159.8516,
353, 1, 160,
353.6667, 0, 160.3174,
354, 0, 160.4688,
355, 2, 160.9199,
355.6667, 2, 161.2188,
356, 1, 161.3672,
