RRProgenitor
Medium
9, 0, 4.815918,
10, 1, 5.412109,
11, 0, 6.015625,
12, 1, 6.614746,
13, 2, 7.213379,
13, 0, 7.213379,
14, 1, 7.816406,
15, 2, 8.413086,
15, 1, 8.413086,
16, 2, 9.015137,
17, 0, 9.600098,
17, 2, 9.600098,
18, 1, 10.21191,
19, 1, 10.81543,
19, 2, 10.81543,
20, 0, 11.41455,
21, 2, 12.01416,
21, 0, 12.01416,
22, 1, 12.61621,
23, 1, 13.21338,
23, 0, 13.21338,
24, 2, 13.81494,
25, 0, 14.40186,
25, 2, 14.40186,
26, 1, 15.01367,
27, 1, 15.61377,
27, 2, 15.61377,
28, 2, 16.21582,
29, 0, 16.81299,
29, 2, 16.81299,
30, 1, 17.41602,
31, 0, 18.01367,
31, 2, 18.01367,
32, 2, 18.61475,
32, 1, 18.61475,
33, 1, 19.21631,
34, 0, 19.81201,
34, 2, 19.81201,
35, 0, 20.41504,
35, 2, 20.41504,
36, 1, 21.01514,
38, 1, 22.21631,
39, 2, 22.81299,
39, 0, 22.81299,
40, 0, 23.41504,
40, 1, 23.41504,
41, 1, 24.0166,
42, 2, 24.6123,
42, 0, 24.6123,
43, 2, 25.21436,
43, 0, 25.21436,
44, 1, 25.81543,
VCS
45, 1, 26.41357,
46, 0, 27,
46, 2, 27,
47, 2, 27.61279,
47, 1, 27.61279,
48, 1, 28.21533,
49, 2, 28.81592,
49, 0, 28.81592,
50, 2, 29.41211,
50, 0, 29.41211,
50, 1, 29.41211,
52, 1, 30.61426,
53, 1, 31.21387,
53, 0, 31.21387,
54, 1, 31.81641,
54, 0, 31.81641,
55, 1, 32.41309,
55, 0, 32.41309,
56, 0, 33.01514,
57, 0, 33.6001,
57, 1, 33.6001,
58, 1, 34.21191,
59, 1, 34.81445,
59, 2, 34.81445,
60, 2, 35.41602,
61, 2, 36.01416,
61, 1, 36.01416,
61, 0, 36.01416,
62, 0, 36.61572,
62, 2, 36.61572,
63, 1, 37.21338,
64, 0, 37.81494,
64, 1, 37.81494,
65, 2, 38.41602,
65, 0, 38.41602,
66, 1, 39.01367,
67, 2, 39.61377,
67, 1, 39.61377,
68, 0, 40.21484,
68, 2, 40.21484,
69, 1, 40.81396,
70, 2, 41.4165,
71, 1, 42.01318,
73, 2, 43.21631,
73, 0, 43.21631,
74, 1, 43.81152,
74, 0, 43.81152,
75, 1, 44.41455,
75, 0, 44.41455,
76, 1, 45.01465,
76, 2, 45.01465,
77, 2, 45.61377,
77, 1, 45.61377,
77, 0, 45.61377,
78, 2, 46.2168,
78, 0, 46.2168,
79, 1, 46.81299,
80, 2, 47.41504,
80, 1, 47.41504,
81, 0, 48,
81, 2, 48,
82, 1, 48.6123,
83, 0, 49.21436,
83, 1, 49.21436,
84, 2, 49.81494,
84, 0, 49.81494,
85, 1, 50.41357,
86, 0, 51.01611,
87, 1, 51.61328,
89, 2, 52.80029,
89, 1, 52.80029,
90, 2, 53.41211,
90, 0, 53.41211,
91, 1, 54.01465,
91, 0, 54.01465,
92, 2, 54.61475,
92, 0, 54.61475,
93, 0, 55.21387,
93, 2, 55.21387,
93, 1, 55.21387,
94, 1, 55.81641,
95, 2, 56.41309,
95, 1, 56.41309,
96, 0, 57.01514,
97, 0, 57.6001,
97, 1, 57.6001,
98, 1, 58.21191,
99, 2, 58.81445,
99, 1, 58.81445,
100, 0, 59.41455,
101, 1, 60.01367,
101, 0, 60.01367,
102, 1, 60.61621,
103, 2, 61.21338,
103, 1, 61.21338,
104, 0, 61.81494,
105, 0, 62.41602,
105, 1, 62.41602,
106, 1, 63.01221,
107, 2, 63.61475,
107, 1, 63.61475,
108, 0, 64.21484,
109, 0, 64.81348,
109, 1, 64.81348,
VCS
110, 1, 65.41602,
111, 2, 66.01318,
111, 0, 66.01318,
112, 0, 66.61523,
112, 1, 66.61523,
113, 1, 67.21631,
114, 2, 67.81201,
114, 0, 67.81201,
115, 2, 68.41455,
115, 0, 68.41455,
116, 1, 69.00244,
118, 1, 70.21631,
119, 0, 70.81299,
119, 2, 70.81299,
120, 2, 71.41504,
120, 1, 71.41504,
121, 1, 72.01611,
122, 0, 72.6123,
122, 2, 72.6123,
123, 0, 73.21484,
123, 2, 73.21484,
124, 0, 73.81445,
124, 2, 73.81445,
124, 1, 73.81445,
125, 0, 74.41357,
125, 2, 74.41357,
126, 1, 75.01611,
127, 2, 75.61279,
127, 0, 75.61279,
128, 0, 76.21631,
128, 1, 76.21631,
129, 1, 76.81641,
130, 0, 77.41357,
130, 2, 77.41357,
131, 0, 78.01367,
131, 2, 78.01367,
131, 1, 78.01367,
132, 1, 78.61475,
133, 1, 79.21484,
133, 2, 79.21484,
134, 1, 79.81494,
134, 2, 79.81494,
135, 1, 80.41406,
135, 2, 80.41406,
136, 2, 81.01465,
137, 2, 81.61621,
137, 1, 81.61621,
138, 1, 82.2124,
139, 1, 82.81445,
139, 0, 82.81445,
140, 0, 83.41602,
141, 1, 84.01318,
141, 0, 84.01318,
141, 2, 84.01318,
142, 2, 84.61572,
142, 0, 84.61572,
143, 1, 85.21338,
144, 2, 85.81543,
144, 1, 85.81543,
145, 0, 86.41602,
145, 2, 86.41602,
146, 1, 87.01172,
147, 0, 87.61475,
147, 1, 87.61475,
148, 2, 88.21484,
148, 0, 88.21484,
149, 1, 88.81348,
150, 0, 89.41602,
151, 1, 90.01318,
153, 2, 91.21631,
153, 0, 91.21631,
154, 2, 91.81201,
154, 1, 91.81201,
155, 2, 92.41455,
155, 1, 92.41455,
156, 0, 93.01465,
156, 1, 93.01465,
157, 2, 93.61377,
157, 1, 93.61377,
157, 0, 93.61377,
158, 0, 94.21631,
158, 2, 94.21631,
159, 1, 94.81299,
160, 0, 95.41504,
160, 1, 95.41504,
161, 2, 96,
161, 0, 96,
162, 1, 96.6123,
163, 2, 97.21484,
163, 1, 97.21484,
164, 0, 97.81445,
164, 2, 97.81445,
165, 1, 98.41406,
166, 2, 99.01611,
167, 1, 99.61328,
169, 1, 100.8159,
169, 0, 100.8159,
170, 2, 101.4121,
170, 0, 101.4121,
171, 2, 102.0146,
171, 1, 102.0146,
172, 2, 102.6147,
172, 0, 102.6147,
173, 0, 103.2139,
173, 2, 103.2139,
173, 1, 103.2139,
175, 1, 104.4131,
175, 0, 104.4131,
176.5, 1, 105.3164,
176.5, 2, 105.3164,
178, 2, 106.2124,
178.5, 1, 106.5127,
178.5, 0, 106.5127,
179.5, 0, 107.1006,
181, 2, 108.0142,
182, 1, 108.6157,
182, 2, 108.6157,
183, 0, 109.2134,
183, 1, 109.2134,
184, 2, 109.8149,
184, 0, 109.8149,
185, 1, 110.416,
185, 2, 110.416,
186, 0, 111.0122,
186, 1, 111.0122,
187, 2, 111.6152,
187, 0, 111.6152,
188, 1, 112.2144,
188, 2, 112.2144,
189, 2, 112.814,
189, 1, 112.814,
189, 0, 112.814,
191, 1, 114.0132,
191, 0, 114.0132,
192, 0, 114.6147,
192, 2, 114.6147,
193, 1, 115.2158,
193, 0, 115.2158,
195, 2, 116.4146,
195, 1, 116.4146,
196, 0, 117.0146,
196, 2, 117.0146,
197, 2, 117.6138,
197, 1, 117.6138,
201, 2, 120.0161,
201, 1, 120.0161,
202, 0, 120.6118,
202, 2, 120.6118,
205, 2, 122.4136,
206, 1, 123.0161,
206.5, 1, 123.3154,
207.0167, 2, 123.6133,
208.0167, 1, 124.2148,
208.5167, 1, 124.5166,
209, 0, 124.8159,
210, 1, 125.4126,
210.5, 1, 125.7129,
211.0167, 2, 126.0142,
212.0167, 1, 126.6152,
212.5167, 1, 126.9121,
213.0333, 0, 127.23,
214, 1, 127.8174,
214.5, 1, 128.1157,
215.0167, 2, 128.4126,
216, 1, 129.0146,
216.5, 1, 129.3164,
217, 0, 129.6001,
218, 1, 130.2119,
218.5, 1, 130.5132,
219.0167, 2, 130.8145,
220, 1, 131.4146,
220.5, 1, 131.7119,
221, 0, 132.0137,
221, 2, 132.0137,
223.5, 0, 133.5132,
224, 2, 133.8149,
224.5, 2, 134.1167,
225, 0, 134.416,
225.5, 0, 134.7144,
227.5, 0, 135.9004,
228, 2, 136.2144,
228.5, 2, 136.5122,
229, 0, 136.814,
229.5, 0, 137.1157,
231.5, 0, 138.3125,
232, 2, 138.6152,
232.5, 2, 138.917,
233, 0, 139.2158,
233.5, 0, 139.5127,
235.5, 2, 140.7002,
236, 1, 141.0161,
236.5, 1, 141.312,
237.0167, 2, 141.6147,
237.0167, 1, 141.6147,
237.0167, 0, 141.6147,
237.5167, 2, 141.916,
237.5167, 1, 141.916,
237.5167, 0, 141.916,
VCS
239, 1, 142.813,
239.5, 1, 143.1143,
240, 0, 143.415,
241, 1, 144.0161,
241.5, 1, 144.314,
242, 2, 144.6133,
243, 1, 145.2139,
243.5, 1, 145.5005,
244, 0, 145.8145,
245, 1, 146.4136,
245.5, 1, 146.7158,
246, 2, 147.0161,
247, 1, 147.6133,
247.5, 1, 147.9131,
248, 0, 148.2158,
249, 1, 148.8164,
249.5, 1, 149.1143,
250, 2, 149.4131,
251, 1, 150.0146,
251.5, 1, 150.3003,
252, 0, 150.6147,
252.5, 0, 150.9136,
253, 1, 151.2139,
253.5, 1, 151.5166,
254, 2, 151.8164,
255, 1, 152.4131,
255.5, 1, 152.7134,
256, 0, 153.0151,
257, 1, 153.6001,
257.5, 1, 153.915,
258, 2, 154.2124,
259, 1, 154.8145,
259.5, 1, 155.1016,
260, 0, 155.415,
261, 1, 156.0161,
261.5, 1, 156.3174,
262, 2, 156.6157,
263, 1, 157.2134,
263.5, 1, 157.5132,
264, 0, 157.8149,
265, 1, 158.416,
265.5, 1, 158.7144,
266, 2, 159.0122,
267, 1, 159.6147,
267.5, 1, 159.9004,
268, 0, 160.2148,
269, 1, 160.8135,
273, 0, 163.2002,
273.5, 0, 163.5142,
275, 1, 164.4146,
275.5, 1, 164.7002,
276, 0, 165.0146,
277, 1, 165.6138,
277, 0, 165.6138,
281, 1, 168,
283.5, 2, 169.5,
283.5, 0, 169.5,
285, 1, 170.4136,
289, 2, 172.8164,
289.5, 2, 173.1143,
291, 1, 174.0146,
291.5, 1, 174.3003,
292, 2, 174.6157,
293, 2, 175.2134,
293, 1, 175.2134,
297, 1, 177.6001,
298, 1, 178.2119,
301, 2, 180.0151,
301, 1, 180.0151,
301, 0, 180.0151,
302, 2, 180.6001,
302, 1, 180.6001,
302, 0, 180.6001,
305, 2, 182.4019,
305, 0, 182.4019,
305.5, 2, 182.7153,
305.5, 0, 182.7153,
306, 1, 183.0117,
307.0167, 2, 183.6147,
307, 0, 183.6147,
307.5, 0, 183.9004,
307.5167, 2, 183.916,
308, 1, 184.2148,
309, 2, 184.814,
309, 0, 184.814,
310, 2, 185.416,
310, 0, 185.416,
VCS
312.5, 1, 186.9004,
313, 0, 187.2002,
314, 2, 187.812,
314, 0, 187.812,
314.5, 1, 188.1128,
315, 0, 188.415,
316, 2, 189,
316, 0, 189,
317, 2, 189.6138,
317, 1, 189.6138,
318, 1, 190.2173,
318, 0, 190.2173,
319, 1, 190.813,
319, 2, 190.813,
320, 0, 191.415,
320, 1, 191.415,
321, 2, 192.0161,
321, 1, 192.0161,
322.5, 0, 192.9131,
323, 0, 193.2139,
323.5, 1, 193.5005,
324, 1, 193.8145,
325, 2, 194.415,
325, 1, 194.415,
325, 0, 194.415,
327, 1, 195.6133,
327, 0, 195.6133,
329, 1, 196.8159,
329, 2, 196.8159,
330, 0, 197.4121,
331, 1, 198.0146,
331, 0, 198.0146,
332, 2, 198.6152,
332, 1, 198.6152,
333, 1, 199.2139,
333, 0, 199.2139,
333, 2, 199.2139,
334, 0, 199.8159,
334, 2, 199.8159,
335, 1, 200.4136,
335, 0, 200.4136,
336, 2, 201.0151,
336, 1, 201.0151,
337, 0, 201.6001,
337, 2, 201.6001,
338, 1, 202.2129,
339, 1, 202.8159,
340, 1, 203.4146,
341, 0, 204.0151,
342, 1, 204.6157,
342, 0, 204.6157,
343, 1, 205.2129,
344, 2, 205.8159,
344, 1, 205.8159,
345, 1, 206.416,
346, 1, 207.0132,
346, 0, 207.0132,
347, 0, 207.6147,
347, 2, 207.6147,
347, 1, 207.6147,
348, 0, 208.2148,
348, 2, 208.2148,
348, 1, 208.2148,
349, 2, 208.8003,
349, 0, 208.8003,
350, 0, 209.416,
350, 1, 209.416,
351, 2, 210.0132,
351, 0, 210.0132,
352, 2, 210.6152,
352, 1, 210.6152,
353, 2, 211.2163,
353, 0, 211.2163,
354, 1, 211.8135,
354, 0, 211.8135,
355, 0, 212.4136,
355, 2, 212.4136,
356, 1, 213.0146,
357, 2, 213.6147,
358, 1, 214.2168,
358, 2, 214.2168,
359, 0, 214.813,
359, 1, 214.813,
360, 0, 215.416,
361, 1, 216.0156,
361, 0, 216.0156,
362, 2, 216.6123,
362, 1, 216.6123,
363, 2, 217.2148,
364, 1, 217.8013,
364, 2, 217.8013,
365, 0, 218.4141,
365, 2, 218.4141,
365, 1, 218.4141,
366, 1, 219.0166,
367, 0, 219.6133,
367, 1, 219.6133,
368, 0, 220.2153,
369, 2, 220.8022,
369, 0, 220.8022,
370, 1, 221.4155,
371, 1, 222,
371, 0, 222,
372, 2, 222.6152,
373, 0, 223.2158,
373, 2, 223.2158,
374, 1, 223.8159,
375, 2, 224.4131,
375, 1, 224.4131,
376, 0, 225.0005,
377, 2, 225.6016,
377, 0, 225.6016,
378, 1, 226.2129,
379, 1, 226.8159,
379, 0, 226.8159,
380, 2, 227.4141,
381, 1, 228.0151,
381, 2, 228.0151,
382, 0, 228.6167,
383, 0, 229.2134,
384, 1, 229.8154,
385, 0, 230.4004,
386, 1, 231.0122,
387, 0, 231.6147,
388, 1, 232.2163,
389, 2, 232.8135,
389, 0, 232.8135,
390, 2, 233.4165,
390, 0, 233.4165,
391, 1, 234.0137,
392, 0, 234.6152,
393, 1, 235.2163,
394, 0, 235.813,
395, 1, 236.4146,
396, 2, 237.0146,
397, 0, 237.6147,
397, 2, 237.6147,
