RRVisualizeYourself
Medium
9, 1, 3.698853,
11, 1, 4.617188,
13, 1, 5.549072,
15, 1, 6.476685,
17, 0, 7.397949,
19, 0, 8.311646,
21, 0, 9.246826,
23, 1, 10.16418,
29, 0, 12.92517,
30, 0, 13.39355,
31, 1, 13.85754,
33, 2, 14.77881,
33, 0, 14.77881,
34, 0, 15.2439,
35, 1, 15.70886,
37, 0, 16.62817,
38, 0, 17.09216,
39, 1, 17.5426,
41, 2, 18.47668,
41, 0, 18.47668,
42, 0, 18.92493,
43, 1, 19.39465,
45, 2, 20.30872,
46, 2, 20.77515,
47, 1, 21.24353,
49, 2, 22.15784,
49, 0, 22.15784,
50, 2, 22.62744,
51, 1, 23.07825,
53, 2, 24.00928,
54, 2, 24.47803,
55, 1, 24.92639,
57, 2, 25.86011,
57, 0, 25.86011,
58, 2, 26.31042,
59, 0, 26.77136,
59, 1, 26.77136,
60, 1, 27.24268,
VCS
61, 2, 27.70691,
64, 0, 29.0918,
65, 1, 29.53943,
67, 0, 30.47534,
68, 1, 30.92432,
69, 2, 31.38867,
69, 0, 31.38867,
73, 1, 33.23926,
75, 2, 34.15637,
76, 1, 34.62146,
77.01667, 2, 35.09058,
77, 0, 35.09058,
80, 1, 36.47168,
81, 0, 36.92346,
83, 1, 37.85522,
84, 0, 38.3241,
85, 1, 38.77576,
86, 0, 39.2384,
87, 0, 39.7074,
88, 2, 40.15784,
89, 2, 40.62305,
90, 0, 41.08887,
91, 0, 41.54114,
92, 2, 42.00732,
VCS
94, 1, 42.92346,
95, 2, 43.39197,
95, 1, 43.39197,
96, 2, 43.85608,
98, 1, 44.77295,
99, 2, 45.23962,
99, 1, 45.23962,
100, 2, 45.70447,
101, 1, 46.15808,
102, 0, 46.62549,
103, 0, 47.0896,
104, 1, 47.53906,
106, 1, 48.47437,
107, 2, 48.93811,
107, 1, 48.93811,
108, 2, 49.39038,
109, 1, 49.85767,
110, 0, 50.32117,
111, 0, 50.77222,
112, 1, 51.24207,
113, 0, 51.70703,
114, 0, 52.15405,
115, 1, 52.62244,
116, 1, 53.09058,
117, 2, 53.55505,
118, 1, 54.00562,
124, 1, 56.77246,
125, 0, 57.23938,
127, 1, 58.15637,
129, 0, 59.09045,
130, 1, 59.54211,
131, 2, 60.00464,
133, 2, 60.9231,
133, 1, 60.9231,
135, 1, 61.85522,
135, 0, 61.85522,
137, 0, 62.776,
138, 1, 63.24475,
139, 2, 63.70862,
141, 1, 64.62756,
142, 0, 65.09192,
143, 2, 65.5426,
144, 1, 66.01208,
145, 0, 66.47693,
146, 2, 66.92444,
147, 1, 67.3949,
148, 0, 67.86206,
149, 1, 68.30884,
149, 0, 68.30884,
151, 2, 69.24341,
151, 1, 69.24341,
153, 2, 70.15808,
154, 1, 70.6272,
155, 0, 71.07776,
157, 0, 72.0094,
158, 1, 72.47815,
159, 2, 72.92627,
160, 1, 73.39221,
161, 0, 73.86096,
162, 1, 74.31201,
163, 2, 74.77271,
164, 1, 75.24414,
165, 0, 75.69519,
171, 1, 78.47534,
172, 1, 78.92383,
173, 2, 79.38843,
177, 1, 81.23938,
178, 1, 81.70752,
179, 0, 82.15649,
180, 0, 82.62158,
VCS
181, 1, 83.09045,
185, 0, 84.92322,
186, 0, 85.38892,
187, 1, 85.85522,
188, 1, 86.32397,
189, 0, 86.77551,
190, 0, 87.23828,
191, 2, 87.70703,
192, 1, 88.15784,
192, 2, 88.15784,
193, 1, 88.62341,
194, 0, 89.08899,
194, 1, 89.08899,
195, 1, 89.54102,
196, 1, 90.0072,
197, 2, 90.47058,
204, 1, 93.70447,
205, 1, 94.1571,
207, 0, 95.08948,
212, 1, 97.3905,
213, 0, 97.85767,
220, 1, 101.0905,
221, 1, 101.5551,
223, 2, 102.4756,
227, 1, 104.3081,
229, 2, 105.2394,
229, 0, 105.2394,
230, 2, 105.7074,
231, 1, 106.1566,
233, 0, 107.0906,
233, 2, 107.0906,
234, 2, 107.5422,
235, 1, 108.0048,
237, 2, 108.9232,
237, 0, 108.9232,
238, 2, 109.3889,
239, 1, 109.8551,
241, 2, 110.7754,
241, 0, 110.7754,
242, 2, 111.2383,
243, 1, 111.7072,
245, 2, 112.6234,
245, 0, 112.6234,
246, 0, 113.0887,
247, 1, 113.5413,
249, 2, 114.4706,
249, 0, 114.4706,
250, 0, 114.9238,
251, 1, 115.3921,
253, 2, 116.3214,
253, 0, 116.3214,
254, 0, 116.7731,
255, 1, 117.2397,
257, 2, 118.1569,
257, 0, 118.1569,
258, 0, 118.6256,
259, 1, 119.0895,
261, 2, 120.0078,
261, 1, 120.0078,
261, 0, 120.0078,
VCS
263, 1, 120.9381,
264, 2, 121.3905,
265, 1, 121.8575,
265, 0, 121.8575,
266, 0, 122.3213,
267, 1, 122.7722,
269, 1, 123.707,
269, 0, 123.707,
270, 0, 124.1539,
271, 1, 124.6226,
272, 2, 125.0903,
273, 1, 125.5551,
273, 0, 125.5551,
274, 0, 126.0054,
275, 1, 126.4753,
277, 1, 127.3884,
277, 0, 127.3884,
278, 0, 127.8578,
279, 1, 128.3081,
280, 2, 128.7721,
281, 1, 129.2393,
281, 0, 129.2393,
282, 0, 129.7075,
283, 1, 130.1566,
285, 0, 131.0905,
285, 2, 131.0905,
286, 1, 131.5421,
287, 1, 132.0048,
288, 2, 132.4718,
289, 2, 132.9232,
290, 1, 133.3888,
291, 1, 133.8552,
293, 2, 134.7753,
293, 1, 134.7753,
293, 0, 134.7753,
294, 1, 135.2385,
295, 1, 135.707,
296, 2, 136.1581,
297, 1, 136.6232,
298, 1, 137.0887,
299, 2, 137.541,
300, 1, 138.0071,
301, 1, 138.4709,
302, 0, 138.9238,
305, 1, 140.3214,
306, 1, 140.7728,
307, 2, 141.2396,
308, 1, 141.7046,
309, 1, 142.1569,
310, 0, 142.6255,
313, 2, 144.0078,
315, 1, 144.9382,
317, 0, 145.8578,
318, 2, 146.3212,
324, 1, 149.0905,
325, 0, 149.5549,
356, 1, 163.856,
357, 1, 164.3215,
357, 0, 164.3215,
359, 2, 165.2396,
359, 1, 165.2396,
361, 2, 166.1569,
362, 1, 166.6256,
363, 0, 167.0896,
364, 0, 167.5391,
365, 1, 168.0077,
366, 2, 168.4745,
367, 1, 168.9386,
368, 2, 169.3906,
369, 1, 169.8577,
370, 1, 170.321,
371, 2, 170.7723,
372, 1, 171.2421,
373, 1, 171.7067,
373, 0, 171.7067,
375, 2, 172.6227,
375, 1, 172.6227,
377, 2, 173.5551,
378, 1, 174.0057,
379, 0, 174.4752,
381, 0, 175.3883,
382, 1, 175.8578,
383, 1, 176.3081,
384, 2, 176.7723,
385, 0, 177.2391,
386, 1, 177.7072,
387, 2, 178.1567,
389, 0, 179.0907,
390, 1, 179.5422,
390, 0, 179.5422,
391, 1, 180.0048,
392, 2, 180.472,
393, 0, 180.9232,
394, 1, 181.3887,
394, 0, 181.3887,
395, 1, 181.8557,
396, 2, 182.3081,
397, 0, 182.775,
398, 1, 183.2385,
398, 0, 183.2385,
399, 1, 183.7073,
400, 2, 184.1581,
401, 0, 184.6233,
402, 1, 185.0894,
402, 0, 185.0894,
403, 1, 185.5411,
404, 0, 186.0073,
405, 2, 186.4725,
406, 1, 186.9253,
407, 0, 187.3918,
408, 0, 187.8561,
410, 1, 188.7729,
411, 0, 189.241,
412, 0, 189.7046,
414, 1, 190.6277,
415, 0, 191.0784,
416, 0, 191.5416,
418, 1, 192.4781,
419, 1, 192.9263,
420, 1, 193.3921,
421, 0, 193.8608,
428, 1, 197.0925,
429, 1, 197.5431,
431, 1, 198.4771,
436, 2, 200.7776,
437, 2, 201.2418,
439, 2, 202.1622,
444, 1, 204.4741,
445, 1, 204.9244,
447, 1, 205.8577,
451, 2, 207.707,
453, 1, 208.6233,
