RROverthinker
Impossible
9, 0, 3.705078,
9.5, 1, 3.938477,
10, 2, 4.154297,
10.5, 1, 4.385254,
11, 2, 4.617676,
11, 0, 4.617676,
11.5, 1, 4.852051,
12, 0, 5.085938,
12.5, 1, 5.321777,
13, 2, 5.553223,
13, 0, 5.553223,
13.5, 1, 5.770996,
14, 0, 6.001465,
14.5, 1, 6.233887,
15, 0, 6.468262,
15, 2, 6.468262,
15.5, 1, 6.702637,
16, 2, 6.938477,
16.5, 1, 7.17041,
17, 0, 7.386719,
17, 2, 7.386719,
17.5, 1, 7.617676,
18, 2, 7.850586,
18.5, 1, 8.085449,
19, 2, 8.319824,
19, 0, 8.319824,
19.5, 1, 8.538574,
20, 1, 8.770508,
20.5, 1, 9.003906,
21, 0, 9.235352,
21, 1, 9.235352,
21, 2, 9.235352,
21.33333, 0, 9.401367,
21.66667, 0, 9.552246,
22, 2, 9.702637,
22, 1, 9.702637,
22, 0, 9.702637,
22.33333, 2, 9.85498,
22.66667, 2, 10.00488,
23, 1, 10.15527,
23, 2, 10.15527,
23, 0, 10.15527,
23.33333, 0, 10.32178,
23.66667, 0, 10.47168,
24, 2, 10.62061,
24, 1, 10.62061,
24, 0, 10.62061,
24.33333, 2, 10.76953,
24.66667, 2, 10.93408,
25, 0, 11.08496,
25, 1, 11.08496,
25, 2, 11.08496,
25.33333, 0, 11.23535,
25.66667, 0, 11.38721,
26, 0, 11.53809,
26, 2, 11.53809,
26, 1, 11.53809,
26.33333, 2, 11.70508,
26.66667, 2, 11.85498,
27, 0, 12.00537,
27, 1, 12.00537,
27, 2, 12.00537,
27.33333, 0, 12.1709,
27.66667, 0, 12.31982,
28, 2, 12.46875,
28, 1, 12.46875,
28, 0, 12.46875,
28.33333, 2, 12.61768,
28.66667, 2, 12.78418,
29, 2, 12.93506,
29, 0, 12.93506,
29, 1, 12.93506,
29.33333, 0, 13.08594,
29.66667, 0, 13.23633,
30, 1, 13.38721,
30, 0, 13.38721,
30, 2, 13.38721,
30.33333, 2, 13.55371,
30.66667, 2, 13.70264,
31, 0, 13.85254,
31, 1, 13.85254,
31, 2, 13.85254,
31.33333, 0, 14.00146,
31.66667, 0, 14.16699,
32, 2, 14.31787,
32, 1, 14.31787,
32, 0, 14.31787,
32.33334, 2, 14.46826,
32.66666, 2, 14.61963,
33, 2, 14.771,
33, 0, 14.771,
33, 1, 14.771,
33.33333, 0, 14.93848,
33.66667, 0, 15.08838,
34, 2, 15.23779,
34, 1, 15.23779,
34, 0, 15.23779,
34.33333, 2, 15.38672,
34.66667, 2, 15.55273,
35, 0, 15.70166,
35, 1, 15.70166,
35, 2, 15.70166,
35.33333, 0, 15.85059,
35.66667, 0, 16.00146,
36, 2, 16.16895,
36, 1, 16.16895,
36, 0, 16.16895,
36.33333, 2, 16.31982,
36.66667, 2, 16.47021,
37, 2, 16.62012,
37, 1, 16.62012,
37, 0, 16.62012,
37.33333, 0, 16.77051,
37.66667, 0, 16.93701,
38, 2, 17.08594,
38, 1, 17.08594,
38, 0, 17.08594,
38.33333, 2, 17.23486,
38.66667, 2, 17.40137,
39, 0, 17.55225,
39, 1, 17.55225,
39, 2, 17.55225,
39.33333, 0, 17.70264,
39.66667, 0, 17.85352,
40, 2, 18.00439,
40, 0, 18.00439,
40, 1, 18.00439,
40.33333, 2, 18.15527,
40.66667, 2, 18.32227,
41, 0, 18.47217,
41, 1, 18.47217,
41, 2, 18.47217,
41.33333, 0, 18.62012,
41.66667, 0, 18.76953,
42, 0, 18.93408,
42, 2, 18.93408,
42, 1, 18.93408,
42.33333, 2, 19.08496,
42.66667, 2, 19.23584,
43, 2, 19.38672,
43, 0, 19.38672,
43, 1, 19.38672,
43.33333, 0, 19.5542,
43.66667, 0, 19.70508,
44, 0, 19.85547,
44, 1, 19.85547,
44, 2, 19.85547,
44.33333, 2, 20.00537,
44.66667, 2, 20.1709,
45, 0, 20.31982,
46, 2, 20.76904,
46, 1, 20.76904,
47, 0, 21.23633,
48, 2, 21.70313,
48, 1, 21.70313,
49, 0, 22.16699,
49.25, 1, 22.28467,
50, 0, 22.61963,
50.25, 2, 22.73779,
VCS
51, 1, 23.08838,
51.25, 2, 23.20508,
51.25, 0, 23.20508,
51.5, 1, 23.31934,
51.75, 2, 23.43652,
51.75, 0, 23.43652,
52, 1, 23.55273,
52.25, 2, 23.66895,
52.25, 0, 23.66895,
52.5, 1, 23.78418,
52.75, 2, 23.88525,
52.75, 0, 23.88525,
53, 2, 24.00146,
53, 0, 24.00146,
55.5, 1, 25.16943,
56, 0, 25.40137,
56.5, 2, 25.61865,
57, 1, 25.85352,
57.5, 0, 26.0874,
58, 2, 26.32227,
58.5, 0, 26.5542,
59, 2, 26.76953,
59, 1, 26.76953,
60, 1, 27.23584,
60, 0, 27.23584,
61, 2, 27.70557,
61, 0, 27.70557,
63.5, 1, 28.85254,
64, 0, 29.08594,
64.5, 1, 29.32178,
65, 2, 29.53809,
65.5, 1, 29.771,
66, 0, 30.00146,
66.5, 1, 30.23389,
67, 2, 30.46826,
67.5, 1, 30.70264,
68, 0, 30.93848,
68.5, 1, 31.1709,
69, 0, 31.38672,
69, 2, 31.38672,
71.5, 1, 32.53857,
72, 2, 32.77051,
72.5, 0, 33.00391,
73, 1, 33.23535,
73.5, 2, 33.46826,
74, 0, 33.70264,
74.5, 2, 33.93799,
75, 1, 34.15527,
75, 0, 34.15527,
76, 2, 34.62061,
76, 1, 34.62061,
77, 1, 35.08496,
77, 2, 35.08496,
78.5, 0, 35.77197,
79, 2, 36.00537,
79.5, 1, 36.23682,
80, 0, 36.46875,
80.5, 1, 36.70166,
81, 2, 36.93506,
81.5, 1, 37.1543,
82, 0, 37.38721,
82.5, 2, 37.62207,
83, 0, 37.85205,
83.5, 1, 38.08447,
84, 2, 38.31787,
84.5, 0, 38.55127,
85, 2, 38.77051,
85, 1, 38.77051,
87.5, 1, 39.93555,
88, 0, 40.16943,
88.5, 2, 40.38721,
89, 1, 40.62012,
89.5, 0, 40.85547,
90, 2, 41.08643,
90.5, 0, 41.31787,
91, 2, 41.55225,
91, 1, 41.55225,
92, 1, 42.00439,
92, 0, 42.00439,
93, 1, 42.47217,
93, 0, 42.47217,
93, 2, 42.47217,
95.5, 1, 43.62061,
96, 0, 43.85547,
96, 2, 43.85547,
96.5, 1, 44.08691,
97, 2, 44.32031,
97, 0, 44.32031,
97.5, 1, 44.55029,
98, 0, 44.76904,
98, 2, 44.76904,
98.5, 1, 45.00391,
99, 2, 45.23682,
99.5, 0, 45.47217,
100, 1, 45.70264,
100.5, 2, 45.93604,
101, 2, 46.16748,
101, 1, 46.16748,
101, 0, 46.16748,
103.5, 1, 47.31934,
104, 2, 47.55273,
104.5, 0, 47.78418,
105, 1, 48.00146,
105.5, 2, 48.23682,
106, 0, 48.46973,
106.5, 2, 48.70557,
107, 0, 48.93701,
107, 1, 48.93701,
108, 1, 49.40137,
108, 2, 49.40137,
109, 1, 49.85352,
109, 2, 49.85352,
109, 0, 49.85352,
110.5, 2, 50.5542,
111, 0, 50.76953,
111.5, 1, 51.00146,
112, 2, 51.23633,
112, 0, 51.23633,
112.5, 1, 51.4707,
113, 2, 51.70508,
113, 0, 51.70508,
113.5, 1, 51.93799,
114, 0, 52.1543,
114, 2, 52.1543,
114.5, 1, 52.38574,
115, 2, 52.61768,
115.5, 1, 52.85156,
116, 1, 53.08594,
116, 0, 53.08594,
VCS
117, 1, 53.53809,
117, 2, 53.53809,
117, 0, 53.53809,
117.5, 1, 53.771,
117.5, 2, 53.771,
117.5, 0, 53.771,
118.5, 2, 54.23389,
118.5, 1, 54.23389,
119, 2, 54.46826,
119, 1, 54.46826,
119.5, 0, 54.70264,
119.5, 1, 54.70264,
119.5, 2, 54.70264,
121.5, 1, 55.61768,
121.5, 2, 55.61768,
122.5, 1, 56.08545,
122.5, 0, 56.08545,
123, 2, 56.31982,
123, 0, 56.31982,
123.5, 1, 56.53857,
123.5, 0, 56.53857,
123.5, 2, 56.53857,
124, 1, 56.77051,
124, 2, 56.77051,
125, 2, 57.23535,
125, 1, 57.23535,
125, 0, 57.23535,
125.5, 2, 57.46826,
125.5, 0, 57.46826,
126.5, 0, 57.93799,
126.5, 1, 57.93799,
127, 0, 58.15527,
127, 1, 58.15527,
127.5, 2, 58.38818,
127.5, 1, 58.38818,
127.5, 0, 58.38818,
129.5, 1, 59.31885,
129.5, 0, 59.31885,
130.5, 2, 59.77197,
130.5, 1, 59.77197,
131, 0, 60.00537,
131, 2, 60.00537,
131.5, 1, 60.23682,
131.5, 2, 60.23682,
131.5, 0, 60.23682,
132, 1, 60.46875,
132, 0, 60.46875,
133, 0, 60.93506,
133, 2, 60.93506,
133, 1, 60.93506,
133.5, 0, 61.1543,
133.5, 2, 61.1543,
134.5, 2, 61.62207,
134.5, 1, 61.62207,
135, 2, 61.85254,
135, 1, 61.85254,
135.5, 1, 62.08447,
135.5, 0, 62.08447,
135.5, 2, 62.08447,
137.5, 2, 63.00342,
137.5, 1, 63.00342,
138.5, 1, 63.46875,
138.5, 0, 63.46875,
139, 2, 63.70166,
139, 0, 63.70166,
139.5, 0, 63.93506,
139.5, 1, 63.93506,
139.5, 2, 63.93506,
140, 1, 64.16895,
140, 2, 64.16895,
141, 2, 64.62012,
141, 1, 64.62012,
141, 0, 64.62012,
141.5, 2, 64.85498,
141.5, 0, 64.85498,
142.5, 1, 65.31787,
142.5, 0, 65.31787,
143, 1, 65.55225,
143, 0, 65.55225,
143.5, 2, 65.76953,
143.5, 1, 65.76953,
143.5, 0, 65.76953,
145.5, 0, 66.70361,
145.5, 1, 66.70361,
146.5, 1, 67.16895,
146.5, 2, 67.16895,
147, 0, 67.38721,
147, 2, 67.38721,
147.5, 2, 67.62061,
147.5, 1, 67.62061,
147.5, 0, 67.62061,
148, 1, 67.85547,
148, 0, 67.85547,
149, 0, 68.31982,
149.5, 2, 68.55029,
149.5, 1, 68.55029,
149.5, 0, 68.55029,
150.5, 1, 69.00391,
151, 2, 69.23633,
151, 0, 69.23633,
152, 1, 69.70313,
152.5, 1, 69.93604,
153, 2, 70.16699,
153, 0, 70.16699,
154, 1, 70.62012,
154.5, 1, 70.85254,
155, 2, 71.08789,
155, 0, 71.08789,
156, 0, 71.55273,
156, 1, 71.55273,
157, 1, 72.00146,
157, 0, 72.00146,
157, 2, 72.00146,
161, 2, 73.854,
161.25, 0, 73.9707,
161.5, 2, 74.0874,
161.75, 0, 74.20313,
162, 2, 74.32227,
162.25, 1, 74.43799,
162.5, 2, 74.5542,
162.75, 1, 74.66895,
163, 2, 74.76953,
163.25, 0, 74.90137,
163.5, 2, 75.00146,
163.75, 0, 75.11816,
164, 2, 75.23535,
164.25, 1, 75.35107,
164.5, 2, 75.47021,
164.75, 1, 75.5874,
165, 2, 75.70557,
165, 0, 75.70557,
166.5, 1, 76.38525,
167, 2, 76.61816,
167, 0, 76.61816,
168, 1, 77.08594,
168.5, 1, 77.32178,
169, 2, 77.53809,
169, 0, 77.53809,
170, 1, 78.00146,
170.5, 1, 78.23389,
171, 2, 78.46826,
171, 0, 78.46826,
171, 1, 78.46826,
172, 2, 78.93848,
172, 0, 78.93848,
172, 1, 78.93848,
173, 0, 79.38672,
173, 1, 79.38672,
174, 0, 79.85059,
174, 1, 79.85059,
174, 2, 79.85059,
174.5, 2, 80.08545,
174.5, 1, 80.08545,
174.5, 0, 80.08545,
175.5, 1, 80.53857,
175.5, 0, 80.53857,
176.5, 0, 81.00391,
176.5, 2, 81.00391,
177, 1, 81.23535,
178, 1, 81.70264,
179, 0, 82.15527,
179.25, 2, 82.27197,
179.5, 0, 82.3877,
179.75, 2, 82.50293,
180, 0, 82.62012,
180.25, 1, 82.73584,
180.5, 0, 82.85205,
180.75, 1, 82.96729,
181, 2, 83.08496,
181, 0, 83.08496,
VCS
183.5, 1, 84.23682,
184, 2, 84.46875,
184, 1, 84.46875,
184.5, 1, 84.70166,
185, 1, 84.93506,
185, 0, 84.93506,
185.5, 1, 85.15479,
186, 1, 85.38721,
186, 2, 85.38721,
186.5, 1, 85.62207,
187, 2, 85.85205,
187, 1, 85.85205,
187, 0, 85.85205,
188, 2, 86.31787,
189, 2, 86.771,
189, 1, 86.771,
189, 0, 86.771,
190.5, 0, 87.46875,
191, 2, 87.70166,
191, 1, 87.70166,
191, 0, 87.70166,
192, 0, 88.16895,
193, 1, 88.62012,
193, 0, 88.62012,
193, 2, 88.62012,
195, 2, 89.55225,
195.25, 0, 89.66846,
195.5, 2, 89.76904,
195.75, 0, 89.88623,
196, 2, 90.00439,
196.25, 1, 90.12207,
196.5, 2, 90.23828,
196.75, 1, 90.35352,
197, 2, 90.47217,
197, 0, 90.47217,
199.5, 1, 91.62061,
200, 0, 91.85547,
200, 1, 91.85547,
200.5, 1, 92.08691,
201, 1, 92.31982,
201, 2, 92.31982,
201.5, 1, 92.55029,
202, 1, 92.76904,
202, 0, 92.76904,
202.5, 1, 93.00439,
203, 0, 93.23633,
203, 1, 93.23633,
203, 2, 93.23633,
204, 0, 93.70313,
205, 1, 94.16699,
205, 0, 94.16699,
205, 2, 94.16699,
206.5, 2, 94.85254,
207, 1, 95.08789,
207, 0, 95.08789,
207, 2, 95.08789,
208, 1, 95.55273,
208, 2, 95.55273,
209, 1, 96.00146,
209, 2, 96.00146,
209, 0, 96.00146,
210, 2, 96.47021,
210, 1, 96.47021,
211, 0, 96.93701,
211, 2, 96.93701,
211.25, 1, 97.05225,
211.5, 0, 97.16992,
211.75, 1, 97.28467,
212, 2, 97.40137,
212, 0, 97.40137,
212.5, 2, 97.61865,
212.75, 1, 97.73486,
213, 2, 97.85352,
213, 0, 97.85352,
215.5, 1, 99.00146,
216, 2, 99.23584,
216.5, 1, 99.4707,
217, 2, 99.70557,
217.5, 1, 99.93799,
218, 2, 100.1543,
218.5, 1, 100.3853,
219, 2, 100.6182,
219, 0, 100.6182,
220, 1, 101.0859,
221, 2, 101.5532,
221, 1, 101.5532,
221, 0, 101.5532,
223.5, 1, 102.7026,
224, 0, 102.9385,
224, 2, 102.9385,
224.5, 1, 103.1709,
225, 2, 103.3867,
225, 0, 103.3867,
225.5, 1, 103.6172,
226, 0, 103.8506,
226, 2, 103.8506,
226.5, 1, 104.0854,
227, 2, 104.3203,
227, 0, 104.3203,
227.5, 1, 104.5386,
228, 2, 104.7705,
228, 0, 104.7705,
228, 1, 104.7705,
228.5, 1, 105.0039,
229, 1, 105.2349,
229, 2, 105.2349,
229, 0, 105.2349,
231.5, 1, 106.3882,
232, 0, 106.6201,
232.5, 1, 106.8521,
233, 0, 107.085,
233.5, 1, 107.3193,
234, 0, 107.5381,
234.5, 1, 107.772,
235, 0, 108.0054,
235, 2, 108.0054,
236, 1, 108.4688,
237, 0, 108.9351,
237, 2, 108.9351,
238.5, 1, 109.6221,
239, 2, 109.8521,
239, 0, 109.8521,
239.5, 1, 110.0845,
240, 2, 110.3179,
240, 0, 110.3179,
240.5, 1, 110.5518,
241, 2, 110.7705,
241, 0, 110.7705,
241.5, 1, 111.0034,
242, 2, 111.2383,
242, 0, 111.2383,
242.5, 1, 111.4688,
243, 2, 111.7017,
243.25, 0, 111.8179,
243.5, 2, 111.9351,
243.75, 0, 112.0518,
244, 2, 112.1689,
244.25, 1, 112.2705,
244.5, 2, 112.3872,
244.75, 1, 112.5054,
245, 1, 112.6201,
245, 2, 112.6201,
245, 0, 112.6201,
245.5, 1, 112.855,
246, 1, 113.0864,
246, 0, 113.0864,
246.5, 0, 113.3179,
247, 2, 113.5522,
247, 1, 113.5522,
247.5, 2, 113.769,
248, 1, 114.0044,
248, 0, 114.0044,
248.5, 0, 114.2383,
249, 1, 114.4722,
249, 2, 114.4722,
249.5, 2, 114.7036,
250, 1, 114.9341,
250, 0, 114.9341,
250.5, 0, 115.1689,
251, 2, 115.3872,
251, 1, 115.3872,
251.5, 2, 115.6211,
252, 1, 115.855,
252, 0, 115.855,
252.5, 0, 116.0869,
253, 2, 116.3198,
253, 1, 116.3198,
253.5, 2, 116.5503,
254, 0, 116.7842,
254, 1, 116.7842,
254.5, 0, 117.0039,
255, 2, 117.2368,
255, 1, 117.2368,
255.5, 2, 117.4722,
256, 1, 117.7031,
256, 0, 117.7031,
256.5, 0, 117.936,
257, 2, 118.167,
257, 1, 118.167,
257.5, 2, 118.3848,
258, 0, 118.6196,
258, 1, 118.6196,
258.5, 0, 118.8525,
259, 2, 119.0884,
259, 1, 119.0884,
259.5, 2, 119.3193,
260, 0, 119.5527,
260, 1, 119.5527,
260.5, 0, 119.7847,
261, 2, 120.0015,
261, 1, 120.0015,
261.5, 2, 120.2368,
VCS
262.5, 1, 120.7056,
262.5, 0, 120.7056,
263, 2, 120.937,
263, 1, 120.937,
263.5, 1, 121.1694,
265.5, 1, 122.0874,
266.5, 2, 122.5542,
266.5, 1, 122.5542,
267, 0, 122.7695,
267.5, 2, 123.0015,
267.5, 0, 123.0015,
268, 2, 123.2358,
268, 0, 123.2358,
269, 0, 123.7051,
269, 1, 123.7051,
269.5, 0, 123.9375,
270.5, 2, 124.3853,
270.5, 1, 124.3853,
271, 0, 124.6182,
271, 1, 124.6182,
271.5, 1, 124.8521,
273.5, 1, 125.7715,
273.5, 0, 125.7715,
274.5, 2, 126.2339,
274.5, 1, 126.2339,
275, 0, 126.4683,
275, 2, 126.4683,
275.5, 1, 126.7026,
275.5, 0, 126.7026,
276, 0, 126.939,
276, 2, 126.939,
277, 1, 127.3867,
277, 2, 127.3867,
277, 0, 127.3867,
277.5, 1, 127.6177,
277.5, 2, 127.6177,
277.5, 0, 127.6177,
278.5, 2, 128.0854,
278.5, 1, 128.0854,
279, 2, 128.3198,
279, 1, 128.3198,
279.5, 1, 128.5386,
279.5, 0, 128.5386,
279.5, 2, 128.5386,
281.5, 2, 129.4688,
281.5, 1, 129.4688,
282.5, 0, 129.938,
282.5, 1, 129.938,
283, 2, 130.1553,
283, 0, 130.1553,
283.5, 1, 130.3877,
283.5, 0, 130.3877,
283.5, 2, 130.3877,
284, 1, 130.6206,
284, 2, 130.6206,
285, 2, 131.085,
285, 1, 131.085,
285, 0, 131.085,
285.5, 2, 131.3188,
285.5, 0, 131.3188,
286.5, 1, 131.772,
286.5, 0, 131.772,
287, 1, 132.0054,
287, 0, 132.0054,
287.5, 1, 132.2363,
287.5, 2, 132.2363,
287.5, 0, 132.2363,
289.5, 1, 133.1543,
289.5, 0, 133.1543,
290.5, 2, 133.6221,
290.5, 1, 133.6221,
291, 0, 133.8521,
291, 2, 133.8521,
291.5, 2, 134.0845,
291.5, 1, 134.0845,
291.5, 0, 134.0845,
292, 1, 134.3179,
292, 0, 134.3179,
293, 2, 134.7705,
293, 1, 134.7705,
293, 0, 134.7705,
293.5, 2, 135.0034,
293.5, 0, 135.0034,
294.5, 1, 135.4688,
294.5, 2, 135.4688,
295, 1, 135.7017,
295, 2, 135.7017,
295.5, 1, 135.9351,
295.5, 0, 135.9351,
295.5, 2, 135.9351,
297.5, 2, 136.8555,
297.5, 1, 136.8555,
298.5, 1, 137.3179,
298.5, 0, 137.3179,
299, 2, 137.5522,
299, 0, 137.5522,
299.5, 1, 137.769,
299.5, 0, 137.769,
299.5, 2, 137.769,
300, 1, 138.0044,
300, 2, 138.0044,
301, 1, 138.4722,
301, 0, 138.4722,
301, 2, 138.4722,
301.5, 0, 138.7036,
301.5, 2, 138.7036,
302.5, 1, 139.1689,
302.5, 0, 139.1689,
303, 1, 139.3867,
303, 0, 139.3867,
303.5, 2, 139.6206,
303.5, 1, 139.6206,
303.5, 0, 139.6206,
305.5, 1, 140.5503,
305.5, 0, 140.5503,
306.5, 1, 141.0039,
306.5, 2, 141.0039,
307, 0, 141.2363,
307, 2, 141.2363,
307.5, 2, 141.4722,
307.5, 1, 141.4722,
307.5, 0, 141.4722,
308, 1, 141.7031,
308, 0, 141.7031,
309, 0, 142.1675,
309.5, 2, 142.4014,
309.5, 1, 142.4014,
309.5, 0, 142.4014,
310.5, 1, 142.8525,
311, 2, 143.0884,
311, 0, 143.0884,
312, 1, 143.5527,
312.5, 1, 143.7842,
313, 0, 144.0015,
313, 2, 144.0015,
314, 1, 144.4697,
314.5, 1, 144.7056,
315, 2, 144.937,
315, 0, 144.937,
316, 0, 145.4014,
316, 1, 145.4014,
317, 1, 145.8535,
317, 0, 145.8535,
317, 2, 145.8535,
321, 2, 147.7056,
321.25, 0, 147.8203,
321.5, 2, 147.9375,
321.75, 0, 148.0552,
322, 2, 148.1543,
322.25, 1, 148.2861,
322.5, 2, 148.3853,
322.75, 1, 148.5015,
323, 2, 148.6177,
323.25, 0, 148.7354,
323.5, 2, 148.8521,
323.75, 0, 148.9692,
324, 2, 149.0859,
324.25, 1, 149.2046,
324.5, 2, 149.3223,
324.75, 1, 149.4375,
325, 2, 149.5532,
325, 0, 149.5532,
326.5, 1, 150.2339,
327, 2, 150.4683,
327, 0, 150.4683,
328, 1, 150.9385,
328.5, 1, 151.1704,
329, 0, 151.3867,
329, 2, 151.3867,
330, 1, 151.8506,
330.5, 1, 152.0854,
331, 2, 152.3198,
331, 0, 152.3198,
331, 1, 152.3198,
332, 2, 152.7705,
332, 0, 152.7705,
332, 1, 152.7705,
333, 0, 153.2354,
333, 1, 153.2354,
334, 0, 153.7026,
334, 1, 153.7026,
334, 2, 153.7026,
334.5, 2, 153.938,
334.5, 1, 153.938,
334.5, 0, 153.938,
335.5, 1, 154.3882,
335.5, 0, 154.3882,
336.5, 0, 154.8521,
336.5, 2, 154.8521,
337, 1, 155.085,
338, 1, 155.5547,
339, 0, 156.0054,
339.25, 2, 156.1196,
339.5, 0, 156.2368,
339.75, 2, 156.353,
340, 0, 156.4688,
340.25, 1, 156.584,
340.5, 0, 156.7012,
340.75, 1, 156.8188,
341, 2, 156.9351,
341, 0, 156.9351,
343.5, 1, 158.0845,
344, 2, 158.3179,
344, 1, 158.3179,
344.5, 1, 158.5513,
345, 1, 158.7705,
345, 0, 158.7705,
345.5, 1, 159.0034,
346, 1, 159.2383,
346, 2, 159.2383,
346.5, 1, 159.4692,
347, 0, 159.7017,
347, 1, 159.7017,
347, 2, 159.7017,
348, 2, 160.1694,
349, 2, 160.6201,
349, 1, 160.6201,
349, 0, 160.6201,
350.5, 0, 161.3179,
351, 2, 161.5522,
351, 1, 161.5522,
351, 0, 161.5522,
352, 0, 162.0044,
353, 1, 162.4722,
353, 0, 162.4722,
353, 2, 162.4722,
355, 2, 163.3872,
355.25, 0, 163.5029,
355.5, 2, 163.6206,
355.75, 0, 163.7388,
356, 2, 163.855,
356.25, 1, 163.9702,
356.5, 2, 164.0869,
356.75, 1, 164.2041,
357, 2, 164.3198,
357, 0, 164.3198,
359.5, 1, 165.4722,
360, 0, 165.7026,
360, 1, 165.7026,
360.5, 1, 165.936,
361, 1, 166.167,
361, 2, 166.167,
361.5, 1, 166.3848,
362, 1, 166.6196,
362, 0, 166.6196,
362.5, 1, 166.8525,
363, 0, 167.0879,
363, 1, 167.0879,
363, 2, 167.0879,
364, 0, 167.5527,
365, 1, 168.0015,
365, 0, 168.0015,
365, 2, 168.0015,
VCS
366.5, 2, 168.7056,
367, 1, 168.937,
367, 0, 168.937,
367, 2, 168.937,
368, 1, 169.4014,
368, 2, 169.4014,
369, 1, 169.8535,
369, 2, 169.8535,
369, 0, 169.8535,
370, 2, 170.3223,
370, 1, 170.3223,
371, 0, 170.7695,
371, 2, 170.7695,
371.25, 1, 170.9014,
371.5, 0, 171.0015,
371.75, 1, 171.1177,
372, 2, 171.2358,
372, 0, 171.2358,
372.25, 1, 171.3516,
372.5, 0, 171.4707,
372.75, 1, 171.5874,
373, 1, 171.7051,
373, 0, 171.7051,
381, 0, 173.5532,
381.25, 1, 173.6055,
381.5, 2, 173.6553,
381.75, 1, 173.7192,
382, 0, 173.771,
382.25, 1, 173.8364,
382.5, 2, 173.8857,
382.75, 1, 173.9526,
383, 0, 174.001,
383.25, 1, 174.0684,
383.5, 2, 174.1177,
383.75, 1, 174.1841,
384, 0, 174.2339,
384.25, 1, 174.3013,
384.5, 2, 174.3521,
384.75, 1, 174.4189,
385, 0, 174.4683,
385.25, 1, 174.5352,
385.5, 2, 174.5869,
385.75, 1, 174.6367,
386, 0, 174.7026,
386.25, 1, 174.7544,
386.5, 2, 174.8208,
386.75, 1, 174.8696,
387, 0, 174.9385,
387.25, 1, 174.9868,
387.5, 2, 175.0552,
387.75, 1, 175.1055,
388, 0, 175.1704,
388.25, 1, 175.2217,
388.5, 2, 175.272,
388.75, 1, 175.3369,
389, 0, 175.3867,
392, 2, 176.0854,
395, 0, 176.7705,
395, 2, 176.7705,
395, 1, 176.7705,
405, 0, 179.085,
405.5, 1, 179.2017,
406, 2, 179.3188,
406.5, 0, 179.437,
407, 1, 179.5547,
407.5, 0, 179.6699,
408, 2, 179.7725,
408.5, 0, 179.8882,
409, 1, 180.0054,
409.5, 2, 180.1196,
410, 0, 180.2363,
410.5, 1, 180.353,
411, 2, 180.4688,
411.5, 1, 180.5845,
412, 0, 180.7017,
412.5, 1, 180.8188,
413, 0, 180.9351,
413.5, 1, 181.0537,
414, 2, 181.1543,
414.5, 0, 181.27,
415, 1, 181.3872,
415.5, 0, 181.5059,
416, 2, 181.6216,
416.5, 0, 181.7373,
417, 1, 181.8525,
417.5, 2, 181.9697,
418, 0, 182.0845,
418.5, 1, 182.2012,
419, 2, 182.3174,
419.5, 1, 182.4355,
420, 0, 182.5518,
420.5, 2, 182.6538,
421, 0, 182.7705,
421.25, 1, 182.8364,
421.5, 2, 182.8872,
421.75, 1, 182.9551,
422, 0, 183.0034,
422.25, 1, 183.0723,
422.5, 2, 183.1226,
422.75, 1, 183.188,
423, 0, 183.2378,
423.25, 1, 183.3027,
423.5, 2, 183.354,
423.75, 1, 183.4204,
424, 0, 183.4688,
424.25, 1, 183.5195,
424.5, 2, 183.5854,
424.75, 1, 183.6348,
425, 0, 183.7017,
425.25, 1, 183.7505,
425.5, 2, 183.8184,
425.75, 1, 183.8682,
426, 0, 183.9351,
426.25, 1, 183.9844,
426.5, 2, 184.0522,
426.75, 1, 184.1025,
427, 0, 184.1694,
427.25, 1, 184.2197,
427.5, 2, 184.2705,
427.75, 1, 184.3379,
428, 0, 184.3872,
428.25, 1, 184.4526,
428.5, 2, 184.5054,
428.75, 1, 184.5718,
429, 0, 184.6201,
429.3333, 1, 184.7056,
429.6667, 2, 184.771,
430, 0, 184.855,
430.3333, 1, 184.937,
430.6667, 2, 185.0039,
431, 0, 185.0864,
431.3333, 1, 185.1694,
431.6667, 2, 185.2349,
432, 0, 185.3179,
432.3333, 1, 185.4014,
432.6667, 2, 185.4683,
433, 0, 185.5522,
433.3333, 1, 185.6187,
433.6667, 2, 185.7026,
434, 0, 185.769,
434.3333, 1, 185.854,
434.6667, 2, 185.938,
435, 0, 186.0039,
435.3333, 1, 186.0879,
435.6667, 2, 186.1553,
436, 0, 186.2378,
436.3333, 1, 186.3223,
436.6667, 2, 186.3877,
437, 0, 186.4722,
437.5, 1, 186.7031,
438, 2, 186.9341,
438.5, 1, 187.1689,
439, 2, 187.3867,
439.5, 1, 187.6206,
440, 2, 187.8555,
440.5, 1, 188.0869,
441, 2, 188.3198,
441.5, 1, 188.5503,
442, 2, 188.769,
442.5, 1, 189.0039,
443, 2, 189.2363,
443.5, 1, 189.4722,
444, 0, 189.7031,
444.5, 2, 189.936,
445, 1, 190.1675,
445, 0, 190.1675,
445, 2, 190.1675,
445.5, 2, 190.4014,
446, 2, 190.6196,
446, 1, 190.6196,
446, 0, 190.6196,
446.5, 2, 190.8525,
447, 0, 191.0884,
447, 2, 191.0884,
447.5, 2, 191.3193,
448, 0, 191.5527,
448, 1, 191.5527,
448, 2, 191.5527,
448.5, 2, 191.7842,
449, 2, 192.0015,
449, 1, 192.0015,
449, 0, 192.0015,
449.5, 2, 192.2368,
450, 0, 192.4702,
450, 2, 192.4702,
450.5, 2, 192.7056,
451, 1, 192.937,
451, 0, 192.937,
451, 2, 192.937,
451.5, 2, 193.1699,
452, 2, 193.4014,
452, 1, 193.4014,
452, 0, 193.4014,
452.5, 2, 193.6187,
453, 0, 193.854,
453, 2, 193.854,
453.3333, 1, 194.0044,
453.6667, 0, 194.1553,
454, 2, 194.3223,
454.3333, 1, 194.4717,
454.6667, 2, 194.6201,
455, 0, 194.7695,
455.3333, 1, 194.9346,
455.6667, 0, 195.085,
456, 2, 195.2358,
456.3333, 1, 195.3867,
456.6667, 2, 195.5547,
457, 0, 195.7056,
457.3333, 1, 195.855,
457.6667, 0, 196.0054,
458, 2, 196.1543,
458.3333, 1, 196.3198,
458.6667, 2, 196.4688,
459, 0, 196.6177,
459.3333, 1, 196.769,
459.6667, 0, 196.9351,
460, 2, 197.0859,
460.3333, 1, 197.2368,
460.6667, 2, 197.3872,
461, 0, 197.5532,
461.3333, 1, 197.7031,
461.6667, 0, 197.8521,
462, 2, 198.0015,
462.3333, 1, 198.167,
462.6667, 2, 198.3179,
463, 0, 198.4683,
463.3333, 1, 198.6196,
463.6667, 0, 198.7705,
464, 2, 198.9385,
464.3333, 1, 199.0884,
464.6667, 2, 199.2383,
465, 0, 199.3867,
465.3333, 1, 199.5527,
465.6667, 0, 199.7017,
466, 2, 199.8506,
466.3333, 1, 200.0015,
466.6667, 2, 200.1689,
467, 0, 200.3198,
467.3333, 1, 200.4697,
467.6667, 0, 200.6201,
468, 2, 200.7705,
468.3333, 2, 200.937,
468.3333, 1, 200.937,
